Source Name	Cell ID	archetype 1	archetype 2	archetype 3	archetype 4
544D6C59FD	1	0.3091023548906528	0.43636223497600346	0.19498681909409715	0.0595485910392466
544D6C59FD	2	0.030212160916640533	0.6156259277578041	0.20967103581803698	0.1444908755075181
544D6C59FD	3	0.9087481072197963	0.022723720836581713	0.0647224602476366	0.003805711695985362
544D6C59FD	4	0.303267564274272	0.2694114380312746	0.32347436641448035	0.10384663127997262
544D6C59FD	5	0.27045231857915925	0.37222541493746214	0.32299164536538805	0.034330621117990456
544D6C59FD	6	0.2051579601802059	0.33187953365629336	0.43638277640216855	0.026579729761332327
544D6C59FD	7	0.622185588590723	0.1289445533418847	0.21527551945829623	0.03359433860909598
544D6C59FD	8	0.42771349455427177	0.3314673920463055	0.1784698492382474	0.062349264161175325
544D6C59FD	9	0.5950734934041997	0.14806713376389555	0.19608862008658065	0.06077075274532421
544D6C59FD	10	0.20890792972813738	0.4641084738985711	0.15142526614653617	0.17555833022675568
544D6C59FD	11	0.40756576700572494	0.15880181948319286	0.39870484409935075	0.03492756941173132
544D6C59FD	12	0.2469339904970198	0.47838754644532494	0.2097561982437486	0.06492226481390692
544D6C59FD	13	0.050259223593169346	0.643873609310596	0.17684413868889653	0.12902302840733804
544D6C59FD	14	0.09042724530993736	0.28289396236736464	0.5404309624221113	0.08624782990058702
544D6C59FD	15	0.8591321419502355	0.04749222865092775	0.08355215527030306	0.009823474128533459
544D6C59FD	16	0.7373520604910416	0.08181133680474913	0.17244950556383573	0.008387097140373754
544D6C59FD	17	0.482155195435375	0.24265472249484335	0.19003867636781716	0.08515140570196457
544D6C59FD	18	0.7142690435376572	0.0722551201458262	0.14259670587293946	0.07087913044357705
544D6C59FD	19	0.033756545255882134	0.3901821335170443	0.4032539240029425	0.17280739722413116
544D6C59FD	20	0.05703035156417312	0.5804563843543401	0.3045591650596575	0.057954099021829096
544D6C59FD	21	0.47263594940136644	0.34243696273006846	0.17368006483370826	0.01124702303485665
544D6C59FD	22	0.4850764651263385	0.1618023376336534	0.2774269787937254	0.07569421844628292
544D6C59FD	23	0.19880891940132517	0.4412483842866056	0.2147775394605537	0.14516515685151596
544D6C59FD	24	0.022103619578711063	0.7345690390119232	0.15271943834490412	0.09060790306446169
544D6C59FD	25	0.711065633312533	0.10844538643546221	0.16414368511132152	0.01634529514068317
544D6C59FD	26	0.5455119322352315	0.17148665037261485	0.15277197235884846	0.13022944503330475
544D6C59FD	27	0.7567774529986673	0.12182589676125041	0.1175840462718002	0.0038126039682821406
544D6C59FD	28	0.6596629153957705	0.0917445028536434	0.22497107480367648	0.023621506946909596
544D6C59FD	29	0.028247905185877317	0.778576309478697	0.1709431999888649	0.02223258534656072
544D6C59FD	30	0.44795740788868177	0.28995458900490817	0.2200003924350088	0.0420876106714016
544D6C59FD	31	0.004868860012191451	0.7344055340749005	0.1133008576512683	0.14742474826163984
544D6C59FD	32	0.21388636413664408	0.5535239830412697	0.19424459848606168	0.03834505433602422
544D6C59FD	33	0.33447356814486884	0.4247265676035239	0.20943697486408647	0.031362889387521124
544D6C59FD	34	0.4531205884664088	0.1852248348431969	0.32171643861543703	0.039938138074957254
544D6C59FD	35	0.09414993361506545	0.6637931280698969	0.18172841736504503	0.06032852094999239
544D6C59FD	36	0.27177967571496975	0.45943954934359565	0.18558370535691263	0.08319706958452205
544D6C59FD	37	0.6847626236803706	0.10959881876846787	0.19405348154521365	0.011585076005947926
544D6C59FD	38	0.0654930525526236	0.5624363718630422	0.3283379939917834	0.04373258159255097
544D6C59FD	39	0.19972278500938928	0.6469138539246148	0.10927788870900833	0.044085472356987676
544D6C59FD	40	0.27177819530444164	0.41884055507417883	0.19720489303490693	0.11217635658647289
544D6C59FD	41	0.7354390951530841	0.13331280468494527	0.09269770161382129	0.038550398548149456
544D6C59FD	42	0.006443994746274888	0.18839249706067931	0.12405147462645022	0.6811120335665958
544D6C59FD	43	0.32247889983569433	0.5662839788412586	0.09938509439224345	0.011852026930803852
544D6C59FD	44	0.3360406568734159	0.4504444061389863	0.18009112253972406	0.03342381444787365
544D6C59FD	45	0.6817684730155741	0.12575868195957937	0.17304183914403082	0.01943100588081575
544D6C59FD	46	0.22039297554633588	0.5553187619633858	0.18143372138535652	0.04285454110492204
544D6C59FD	47	0.8334407586964404	0.029580666344333945	0.10101677234415715	0.03596180261506868
544D6C59FD	48	0.7877138034210837	0.11956400182603306	0.06873387622455711	0.023988318528326592
544D6C59FD	49	0.8913854896467348	0.009410232568193927	0.08874427327552878	0.010460004509542367
544D6C59FD	50	0.6977495377059845	0.15157390061769907	0.1191366587636013	0.03153990291271513
544D6C59FD	51	0.9446276733016068	0.010100931515256272	0.03581529543181921	0.009456099751317929
544D6C59FD	52	0.03774792990741058	0.347023155043183	0.14476676401678765	0.4704621510326188
544D6C59FD	53	0.4682090609541549	0.06517535904801709	0.18187472766784918	0.2847408523299791
544D6C59FD	54	0.16611709257905	0.09062228858986399	0.4537385248895715	0.2895220939415147
544D6C59FD	55	0.5614278890620106	0.19321305421598195	0.13783011264734926	0.1075289440746579
544D6C59FD	56	0.8633089655545847	0.02675659259521805	0.09114676242911328	0.018787679421083923
544D6C59FD	57	0.16988083480683625	0.23073366435648218	0.1826730439193086	0.4167124569173729
544D6C59FD	58	0.022709051245190893	0.2560001379762423	0.22686320130875068	0.4944276094698163
544D6C59FD	59	0.456719602889404	0.36899694973630187	0.11761246068280949	0.056670986691484806
544D6C59FD	60	0.2477275620540655	0.5941817616750041	0.14329689182483354	0.014793784446096362
544D6C59FD	61	0.059996977017113394	0.5344797901531211	0.30312358958295793	0.10239964324680784
544D6C59FD	62	0.00812643816470646	0.7445061205379746	0.10378259268995761	0.1435848486073616
544D6C59FD	63	0.03950535944059988	0.2587425938709411	0.28712897897400474	0.41462306771445445
544D6C59FD	64	0.9268525426391505	0.006467227187722556	0.05010039093360965	0.016579839239517103
544D6C59FD	65	0.09768815156669369	0.31710572801363	0.36741297214512064	0.2177931482745556
544D6C59FD	66	0.010176864144456042	0.11546928010900737	0.14753667715273597	0.7268171785938009
544D6C59FD	67	0.08895969773089812	0.09569161703082645	0.7304842990168026	0.08486438622147308
544D6C59FD	68	0.2303709934670114	0.36860981517831953	0.16891836209424885	0.23210082926042014
544D6C59FD	69	0.9478427678110453	0.009285388745352332	0.03598526953420947	0.006886573909392826
544D6C59FD	70	0.0487885156575679	0.8250804037950027	0.11928393355272698	0.006847146994702483
544D6C59FD	71	0.2116768250900213	0.4688187026302143	0.14460977601483055	0.17489469626493373
544D6C59FD	72	0.21299476652943225	0.6282813779244797	0.10969102499804576	0.04903283054804262
544D6C59FD	73	0.1648320758112152	0.2576558009625407	0.20975153705937755	0.3677605861668668
544D6C59FD	74	0.9298066099069349	0.013632030075426151	0.049369447521768854	0.007191912495869627
544D6C59FD	75	0.4225837891851927	0.21784437276779642	0.1579375647792091	0.20163427326780223
544D6C59FD	76	0.03162089582056825	0.5517546513461015	0.1280771199008619	0.2885473329324685
544D6C59FD	77	0.009982435285518268	0.3794756042910396	0.17291508417858614	0.437626876244856
544D6C59FD	78	0.024518192418529143	0.3700977961193118	0.3499156838486429	0.2554683276135163
544D6C59FD	79	0.44931990073351485	0.13160748465611055	0.2775565933228517	0.14151602128752314
544D6C59FD	80	0.04734077087476749	0.7032238888904317	0.19573325217358653	0.05370208806121432
544D6C59FD	81	0.010011587019677639	0.5723101649878324	0.31091010082153414	0.10676814717095555
544D6C59FD	82	0.013275194652351021	0.29120461031465533	0.16597625576084596	0.5295439392721477
544D6C59FD	83	0.20101267293647976	0.42679261980103717	0.2283407500656064	0.14385395719687694
544D6C59FD	84	0.07682172987642562	0.41720843127908686	0.3490921579252977	0.15687768091919002
544D6C59FD	85	0.08627349740097637	0.3944823502833116	0.3191773987134928	0.20006675360221976
544D6C59FD	86	0.021254334003231356	0.734903720474218	0.19052657976172666	0.05331536576082396
544D6C59FD	87	0.037301007632503005	0.4141813754969713	0.20227778931872684	0.34623982755179905
544D6C59FD	88	0.08279305359207371	0.08042948452064262	0.5740867461092293	0.2626907157780544
