Source Name	Cell ID	archetype 1	archetype 2	archetype 3	archetype 4
64484C06F9	1	0.9215416844341164	0.02614279921442253	0.03579159008391151	0.01652392626754951
64484C06F9	2	0.7685371336937588	0.024005383231854933	0.1347460083342963	0.07271147474008996
64484C06F9	3	0.8227471953810197	0.039633724111733624	0.12196195111252946	0.01565712939471733
64484C06F9	4	0.31238821876924766	0.05424136574038318	0.06610336838851298	0.567267047101856
64484C06F9	5	0.9752581506367011	0.004118147477418424	0.017961116996645023	0.002662584889235434
64484C06F9	6	0.8860877047488609	0.005735325632297619	0.10181920451499539	0.006357765103846118
64484C06F9	7	0.9818465901759689	0.007098470920895016	0.010396079809021491	0.0006588590941144266
64484C06F9	8	0.9538089536591818	0.020742850682472416	0.02275923598768361	0.0026889596706621472
64484C06F9	9	0.5694528115726455	0.08755775755996105	0.15705100869335725	0.18593842217403633
64484C06F9	10	0.7143526435556327	0.09468779144774388	0.14385713203951592	0.04710243295710738
64484C06F9	11	0.9248208783988046	0.009920806991717556	0.0628960040408639	0.0023623105686139713
64484C06F9	12	0.1418362151510788	0.4500542312612261	0.39370287662979425	0.014406676957900766
64484C06F9	13	0.16532761645769367	0.6603402922059682	0.1642272009973005	0.010104890339037323
64484C06F9	14	0.8102742576958667	0.02909709371785349	0.039408654790556406	0.12121999379572333
64484C06F9	15	0.6006743967818347	0.2563032693321608	0.11992929834997089	0.023093035536033545
64484C06F9	16	0.07303558923321572	0.654318065336368	0.26789658356234536	0.004749761868070718
64484C06F9	17	0.39956950261790747	0.062143863305874354	0.3083699188793146	0.22991671519690351
64484C06F9	18	0.9670712830067543	0.01424240712743791	0.015398018108599802	0.003288291757208319
64484C06F9	19	0.8176290324787916	0.02278032771745466	0.15425717640244166	0.00533346340131249
64484C06F9	20	0.31278561092363477	0.36062271394465245	0.14218992195352564	0.18440175317818697
64484C06F9	21	0.022899646941821505	0.8530153925918378	0.12102210615309775	0.003062854313243001
64484C06F9	22	0.6292672926313385	0.07272789980622163	0.2243150317201987	0.07368977584224087
64484C06F9	23	0.9669255098806554	0.008421680872688696	0.022181581395840897	0.0024712278508149045
64484C06F9	24	0.9943495249347071	0.0013414600061010613	0.003751533365604579	0.0005574816935871016
64484C06F9	25	0.2628196881298606	0.18259510900358156	0.5297932615542476	0.024791941312310318
64484C06F9	26	0.9848320660290486	0.0030652790835370876	0.010536760967733472	0.001565893919680685
64484C06F9	27	0.8829515461791104	0.029970969182586814	0.08392751192666953	0.003149972711633186
64484C06F9	28	0.013789002848827942	0.30271727960345773	0.1103079702565058	0.5731857472912087
64484C06F9	29	0.7407408725528436	0.14020870896693685	0.11414040926578856	0.004910009214430794
64484C06F9	30	0.004341470171688437	0.815138756026622	0.1729630671123737	0.007556706689315877
64484C06F9	31	0.052585643602222176	0.6753311389947241	0.25361107193689786	0.01847214546615559
64484C06F9	32	0.5529515525975095	0.322312415279935	0.11675772021419717	0.007978311908358189
64484C06F9	33	0.3463838247926441	0.25480503723115083	0.29034932665250884	0.10846181132369637
64484C06F9	34	0.9298146184829368	0.030523564877603417	0.037732016469261866	0.0019298001701980182
64484C06F9	35	0.0017467330625984315	0.026561132803129068	0.012493875869002887	0.9591982582652697
64484C06F9	36	0.43879800202026586	0.13712597079462663	0.41775702343167054	0.00631900375343712
64484C06F9	37	0.3192048987471679	0.5905163669383877	0.06809806417883074	0.022180670135613652
64484C06F9	38	0.896455312103737	0.020807187467332545	0.078727757647935	0.0040097427809957275
64484C06F9	39	0.20851927440471238	0.27005591934323503	0.5188846918287956	0.0025401144232570813
64484C06F9	40	0.9334591307393142	0.013418638844838503	0.05058938221157012	0.0025328482042769607
64484C06F9	41	0.017121527608832433	0.0858703570849332	0.0372145151260741	0.85979360018016
64484C06F9	42	0.24237222938276531	0.6773482706498063	0.07506022023166461	0.005219279735763674
64484C06F9	43	0.9807887364535002	0.0017436004494657794	0.017126890385527043	0.0003407727115068697
64484C06F9	44	0.5655225596243341	0.27808576344564895	0.10591025881458248	0.05048141811543408
64484C06F9	45	0.02220717766871448	0.6707955267595241	0.18105294698467214	0.12594434858708925
64484C06F9	46	0.9770841164273999	0.006922382317496861	0.015606073120599407	0.00038742813450396346
64484C06F9	47	0.9595286018684727	0.02408437239179047	0.014835740459557186	0.0015512852801798124
64484C06F9	48	0.5346279063355738	0.26340039752528815	0.1975187364157188	0.004452959723419204
64484C06F9	49	0.02706858569529932	0.4956053606084302	0.4708886442397995	0.006437409456470814
64484C06F9	50	0.7273278857341501	0.03225998438359802	0.23045409575405362	0.00995803412819815
64484C06F9	51	0.09072578832581628	0.7542315634894999	0.14929133025949587	0.005751317925188214
64484C06F9	52	0.0027298803082447245	0.6660655902462314	0.11019755736745683	0.22100697207806722
64484C06F9	53	0.04267661005361414	0.6265223162240116	0.325068858123559	0.005732215598815307
64484C06F9	54	0.22347690802210274	0.026226369432676533	0.7037991985880938	0.04649752395712704
64484C06F9	55	0.26434318039556076	0.3457403974341038	0.38255120675519333	0.007365215415142047
64484C06F9	56	0.031092852457319728	0.8763453985814836	0.02067150906945723	0.07189023989173933
64484C06F9	57	0.17312779167578993	0.4943422167765688	0.24653641717906838	0.08599357436857286
64484C06F9	58	0.012891329117544007	0.8872225383337319	0.09898691581762326	0.0008992167311008841
64484C06F9	59	0.08218186502481829	0.15667278018082187	0.5352900056644565	0.2258553491299035
64484C06F9	60	0.12973060301832945	0.2807662710860492	0.5451630958054964	0.044340030090124986
64484C06F9	61	0.02420525011412508	0.19701662799857517	0.03840627885914911	0.7403718430281511
64484C06F9	62	0.008454906383970298	0.8230579372540032	0.16675133907654516	0.0017358172854813518
64484C06F9	63	0.2846127990670534	0.30087649019273555	0.39977957499711836	0.014731135743092686
64484C06F9	64	0.3514202099994493	0.3926714182984626	0.2127744421062463	0.04313392959584182
64484C06F9	65	0.01614367974000166	0.21803114030566367	0.5858174287000179	0.18000775125431703
64484C06F9	66	0.17723863867970363	0.11488266242346035	0.6976588952516861	0.010219803645150006
64484C06F9	67	0.008209893597315035	0.7294812507143796	0.18323705456789888	0.0790718011204063
64484C06F9	68	0.47178541255929873	0.14917646879876653	0.3687465951582152	0.010291523483719648
64484C06F9	69	0.21493682903340047	0.4162432006901704	0.33017833281398795	0.03864163746244097
64484C06F9	70	0.10809140867681037	0.2035943908302458	0.685616189857385	0.002698010635558925
64484C06F9	71	0.09911114196085449	0.40869734783158224	0.4818847617298252	0.01030674847773781
64484C06F9	72	0.035094842580756916	0.5551243853224489	0.39811339458852424	0.011667377508269676
64484C06F9	73	0.37425021700334155	0.2939248754659065	0.32465954932531454	0.007165358205437667
64484C06F9	74	0.5888509791158382	0.22188220200711284	0.17793438633914543	0.01133243253790335
64484C06F9	75	0.006624326036607787	0.5883058024911391	0.20500345075609505	0.20006642071615796
64484C06F9	76	0.003135919610292599	0.9239228372705722	0.06939501543257029	0.0035462276865647455
64484C06F9	77	0.10178511704866679	0.7096763900116968	0.18439462459937014	0.004143868340266404
64484C06F9	78	0.014048059845868476	0.8700988274427325	0.11300069952756608	0.0028524131838327197
64484C06F9	79	0.016011633813631108	0.7104607410952353	0.2634098197457992	0.010117805345334262
64484C06F9	80	0.037507993910534776	0.4465736857280194	0.5099030323520432	0.00601528800940261
64484C06F9	81	0.4129809373594889	0.3415771902904655	0.20591686837729506	0.03952500397275049
64484C06F9	82	0.22771453084744647	0.26161325306081784	0.4951248916491179	0.015547324442617659
64484C06F9	83	0.019199462915700297	0.472780389059131	0.4967952531589775	0.011224894866191241
64484C06F9	84	0.06637328578819521	0.3220474784146096	0.4845135032960036	0.1270657325011918
64484C06F9	85	0.23740021747735773	0.4743560857198885	0.2831930367545333	0.005050660048220282
64484C06F9	86	0.11467458931271875	0.746704534753101	0.11071700168000662	0.02790387425417364
64484C06F9	87	0.12775429713438127	0.08101677076009131	0.2613943300775646	0.5298346020279632
64484C06F9	88	0.18628823639916373	0.5979498476111061	0.2087830435940286	0.006978872395701502
64484C06F9	89	0.10366231037577034	0.5561863437158284	0.3031149515580574	0.037036394350343775
64484C06F9	90	0.007356088900458082	0.8912240860362978	0.09869596047775472	0.002723864585489547
64484C06F9	91	0.021110514679456637	0.8119875925484438	0.1537023357384415	0.013199557033658127
64484C06F9	92	0.17584108509414828	0.5403913210530019	0.2712059892774153	0.012561604575434572
64484C06F9	93	0.0072084292812363854	0.1567114694950825	0.5992277368490795	0.23685236437460153
64484C06F9	94	0.034147165486404854	0.28007294101366165	0.4801720709022845	0.2056078225976491
64484C06F9	95	0.013643762788516743	0.8989723295422672	0.08277089655044492	0.004613011118771011
64484C06F9	96	0.6634399870897583	0.028809816450028024	0.1383661512407251	0.1693840452194887
64484C06F9	97	0.03736989011267684	0.877983051672935	0.06860958999296904	0.01603746822141921
64484C06F9	98	0.16068684725111418	0.27143915291213	0.5629770773819464	0.0048969224548096844
64484C06F9	99	0.006552394989235826	0.38376828868635376	0.5745286656230808	0.03515065070132984
64484C06F9	100	0.004692632242903672	0.8862790308048134	0.10398210099671452	0.005046235955568549
64484C06F9	101	0.005403596037608442	0.47149833790079143	0.3998318863621521	0.12326617969944773
64484C06F9	102	0.00874455393033979	0.8518202385280936	0.07737674473364638	0.062058462807920364
64484C06F9	103	0.016614138774094865	0.8702301283529741	0.10480465570648996	0.008351077166440861
64484C06F9	104	0.0072955291212387805	0.46867284860482894	0.3797598927382413	0.1442717295356909
64484C06F9	105	0.07882391677900259	0.3738884290946556	0.3302103036487584	0.21707735047758359
64484C06F9	106	0.5192586081423574	0.10170398060706193	0.3738586147676174	0.00517879648296339
64484C06F9	107	0.050264488334317944	0.6202198917457313	0.30127680626340897	0.02823881365654172
64484C06F9	108	0.02219736524152162	0.8381361914845201	0.12123447620830662	0.018431967065651537
64484C06F9	109	0.0043279002178164844	0.030001279674801293	0.1858203084691226	0.7798505116382595
64484C06F9	110	0.014962240092905558	0.48577486206537696	0.2809037079264295	0.21835918991528794
64484C06F9	111	0.011154127092458816	0.6561948239543804	0.31174394100308067	0.02090710795008053
64484C06F9	112	0.055226526058129846	0.4273134965607205	0.4493283174446904	0.06813165993645912
64484C06F9	113	0.009798699360629968	0.7237055556114045	0.25874198577148827	0.007753759256477191
64484C06F9	114	0.007580014657543227	0.9167078254677995	0.04903673540013538	0.026675424474521904
64484C06F9	115	0.004636782549965581	0.8196088810948595	0.17377616511365726	0.0019781712415176448
64484C06F9	116	0.022943281251186623	0.676368948634878	0.29311409048344905	0.0075736796304863895
64484C06F9	117	0.006898670227494001	0.7554380083576889	0.22097022151164092	0.01669309990317599
64484C06F9	118	0.016133171063078686	0.5264852875766092	0.443694070348325	0.013687471011986987
