Source Name	Cell ID	archetype 1	archetype 2	archetype 3	archetype 4
FCC5A372FC	1	0.8740427519606234	0.02120046443444465	0.06400032836758161	0.040756455237349956
FCC5A372FC	2	0.9897583603245755	0.0013920582722538727	0.005841491016469958	0.003008090386700567
FCC5A372FC	3	0.12877256369786552	0.6079222758738965	0.25085011107352445	0.01245504935471348
FCC5A372FC	4	0.04973800875232573	0.49071416614758123	0.45577503938293207	0.003772785717160818
FCC5A372FC	5	0.10632590104788628	0.5934284287191172	0.24924717984238814	0.0509984903906081
FCC5A372FC	6	0.0018162245541519402	0.8010022837374107	0.19480570489314084	0.0023757868152966756
FCC5A372FC	7	0.9854360705503511	0.0022381798588474266	0.011853130287672589	0.00047261930312900613
FCC5A372FC	8	0.1427660047195684	0.6640183433987393	0.14932964656552314	0.043886005316168805
FCC5A372FC	9	0.07732741879503144	0.4469030634077466	0.29808351356253193	0.1776860042346898
FCC5A372FC	10	0.07156227527579191	0.0383072102163351	0.42553372327995087	0.46459679122792213
FCC5A372FC	11	0.0054332793482742845	0.6646796667214917	0.2711289129195433	0.05875814101069092
FCC5A372FC	12	0.06464963028728415	0.6575415772620806	0.2658751389979999	0.011933653452635614
FCC5A372FC	13	0.004471212920522663	0.23684047627498123	0.25084999595110447	0.5078383148533913
FCC5A372FC	14	0.4851502294881253	0.05731803918848648	0.2196787732940651	0.23785295802932302
FCC5A372FC	15	0.6337078186389872	0.06299047762023552	0.2971314934242377	0.006170210316539809
FCC5A372FC	16	0.010353461298098643	0.09350092614196301	0.7119694974934714	0.18417611506646692
FCC5A372FC	17	0.9805898099453964	0.0025239411925207567	0.013625843054890511	0.0032604058071925355
FCC5A372FC	18	0.6812710833398294	0.07172280731041349	0.21734638678619345	0.029659722563563293
FCC5A372FC	19	0.9029694940645592	0.011184625227342882	0.06949614362217167	0.01634973708592617
FCC5A372FC	20	0.004220524609188698	0.5044161150666848	0.4750620515943162	0.01630130872981033
FCC5A372FC	21	0.008783366662660235	0.731998509512626	0.250576686202491	0.008641437622222881
FCC5A372FC	22	0.9943209639645983	0.00014005955763589216	0.0052121710125230215	0.00032680546524286295
FCC5A372FC	23	0.0024002656097752437	0.45125440442595915	0.5150768274158126	0.031268502548452856
FCC5A372FC	24	0.0009095412597608287	0.009783421314361301	0.010039114865242008	0.9792679225606359
FCC5A372FC	25	0.8657679438844466	0.09331215821537546	0.03813668922722821	0.002783208672949937
FCC5A372FC	26	0.8178081428598507	0.07349117114685169	0.10027853438341823	0.008422151609879289
FCC5A372FC	27	0.9838356082905303	0.0007440835747039428	0.01502024027008774	0.00040006786467803137
FCC5A372FC	28	0.3768836255210224	0.043985617329540545	0.083309289883337	0.4958214672661001
FCC5A372FC	29	0.37253322948666384	0.29604078769379055	0.30412830664007057	0.027297676179475344
FCC5A372FC	30	0.21989414358033518	0.6774785161863783	0.06784612173484947	0.034781218498437017
FCC5A372FC	31	0.0980580361651509	0.22796397264843843	0.5937879688270885	0.08019002235932193
FCC5A372FC	32	0.0002405265810841243	0.01562351541885461	0.014435766395835452	0.9697001916042257
FCC5A372FC	33	0.7296918916732769	0.0434276705930595	0.11337614802110235	0.11350428971256127
FCC5A372FC	34	0.20964535486375818	0.6003507353974964	0.1725439677677432	0.01745994197100237
FCC5A372FC	35	0.04679599329089495	0.10473297691779046	0.05704373145677286	0.7914272983345418
FCC5A372FC	36	0.017188376622823378	0.04287433606256149	0.8337319792694928	0.10620530804512218
FCC5A372FC	37	0.08968891358077791	0.3781204544569158	0.2002154102944281	0.33197522166787813
FCC5A372FC	38	0.47468440037198495	0.09158800023430978	0.27385450942994116	0.15987308996376387
FCC5A372FC	39	0.0006200498507074721	0.004574064239752049	0.013529905849142165	0.9812759800603981
FCC5A372FC	40	0.1475747664047404	0.0871250129037277	0.095147366859593	0.6701528538319389
FCC5A372FC	41	0.11942119613028053	0.40545809016579104	0.2244260579268072	0.2506946557771212
FCC5A372FC	42	0.5765073635932989	0.1194657222466002	0.2930589319992166	0.01096798216088441
FCC5A372FC	43	0.5836798235942287	0.060444494614746706	0.2416303944157887	0.11424528737523605
FCC5A372FC	44	0.06980395966455098	0.7952229430350847	0.12205929484717765	0.012913802453186709
FCC5A372FC	45	0.6514848728349852	0.10970674153500048	0.2213498364786186	0.01745854915139585
FCC5A372FC	46	0.5628045794706195	0.14705856880156296	0.26971847678037675	0.02041837494744069
FCC5A372FC	47	0.022154642469820313	0.6920894025941978	0.12272452709064369	0.163031427845338
FCC5A372FC	48	0.0058314210916774025	0.05043610211240082	0.8877206233439261	0.05601185345199595
FCC5A372FC	49	0.001794118728402594	0.008285124749769406	0.08580986206057183	0.904110894461256
FCC5A372FC	50	0.00012553800584193077	0.0035016399256882873	0.017320144073563807	0.9790526779949058
FCC5A372FC	51	0.017975498702340827	0.2870413579811067	0.681022957342296	0.013960185974256665
FCC5A372FC	52	0.12648959804242219	0.757945309732374	0.08224118896207097	0.03332390326313267
FCC5A372FC	53	0.034272777413467785	0.07676361127438108	0.8485513747608102	0.04041223655134089
FCC5A372FC	54	0.012613663872403352	0.3938301015890499	0.5334391655478874	0.06011706899065921
FCC5A372FC	55	0.18747472494272605	0.47368968561771235	0.33162498075059893	0.007210608688962595
FCC5A372FC	56	0.012575092519390771	0.5446024785073189	0.09221197109211171	0.35061045788117867
FCC5A372FC	57	0.003289963924692685	0.679319886058818	0.14635298255247955	0.1710371674640099
FCC5A372FC	58	0.004206805793764915	0.4235300083447262	0.14485464817745178	0.427408537684057
FCC5A372FC	59	0.006379299516377674	0.6789094421281386	0.2783653150001179	0.03634594335536565
FCC5A372FC	60	0.0047000191440535535	0.09384970966576327	0.28416851432955054	0.6172817568606331
FCC5A372FC	61	0.0052375774836941735	0.29900800003286954	0.5104912740554242	0.18526314842801211
FCC5A372FC	62	0.021525102231093506	0.5817374396478306	0.3828685206494612	0.013868937471614736
FCC5A372FC	63	0.004422527623140361	0.6069661087174314	0.3615524065956386	0.02705895706378953
