Source Name	Cell ID	archetype 1	archetype 2	archetype 3	archetype 4
8179A86D76	1	0.9116486364876117	0.016834186860920263	0.06953076102760519	0.0019864156238626196
8179A86D76	2	0.6810980506294373	0.20552921693021167	0.11164924211170957	0.0017234903286412044
8179A86D76	3	0.9665505874806724	0.003919250612913395	0.025802262152349112	0.0037278997540650927
8179A86D76	4	0.9624864037567831	0.012177989238969388	0.022045010778931992	0.0032905962253155585
8179A86D76	5	0.9069490550241571	0.03225060405450116	0.055344661017040185	0.005455679904301754
8179A86D76	6	0.6702290297329928	0.03690623065215974	0.2828236973657852	0.010041042249062245
8179A86D76	7	0.4188697674545153	0.19512481859347397	0.32165283090327923	0.06435258304873163
8179A86D76	8	0.20417481605596147	0.11243876883311064	0.6754379428642725	0.007948472246655321
8179A86D76	9	0.79155076716515	0.0721693299599351	0.1270397359148739	0.009240166960040822
8179A86D76	10	0.04440896449260078	0.021674477477590832	0.06562967876034939	0.8682868792694591
8179A86D76	11	0.963878905956398	0.009990374823729909	0.01657623701938528	0.0095544822004866
8179A86D76	12	0.09667891005112464	0.16180257584644922	0.17110877618824372	0.5704097379141825
8179A86D76	13	0.8648140753097697	0.05204429823331538	0.071764050726822	0.011377575730092784
8179A86D76	14	0.1841070768572646	0.31301967601930203	0.49359876101441663	0.009274486109017056
8179A86D76	15	0.1868779676061716	0.22470766443487772	0.34665800068462754	0.24175636727432323
8179A86D76	16	0.10639556064809975	0.4991177587694084	0.35763084410850843	0.036855836473983494
8179A86D76	17	0.09113619082864269	0.8603327283713306	0.04416699112432296	0.004364089675703837
8179A86D76	18	0.42002079103094886	0.40956382881148856	0.1548715349857147	0.015543845171847885
8179A86D76	19	0.02891333735665719	0.7805165736945596	0.18890051814847977	0.0016695708003036777
8179A86D76	20	0.030472959074520706	0.7376843692108371	0.22966395378229137	0.0021787179323506686
8179A86D76	21	0.18217480918111367	0.369891028832367	0.43658825004746893	0.011345911939050712
8179A86D76	22	0.0357939095568871	0.6467420998467205	0.3029848058008922	0.014479184795500545
8179A86D76	23	0.46488710834978436	0.072559516334783	0.30359826361843817	0.1589551116969943
8179A86D76	24	0.059767742938114043	0.5650043624812436	0.3576524468226869	0.017575447757955776
8179A86D76	25	0.059124109840765465	0.6873935304852462	0.23522690539930094	0.01825545427468795
8179A86D76	26	0.9922544014052941	0.0014743523127253777	0.0038465805871398017	0.0024246656948405383
8179A86D76	27	0.9128429303188612	0.03230294547303773	0.05008990434644359	0.0047642198616576125
8179A86D76	28	0.007870276378549592	0.8741656459187019	0.11652358074521761	0.0014404969575307581
8179A86D76	29	0.03501087310727257	0.8519336729456952	0.09526789653363446	0.017787557413397652
8179A86D76	30	0.045358429975770866	0.5954954685230214	0.34895296076575855	0.010193140735449484
8179A86D76	31	0.03347283892524066	0.44897717020401	0.5086353067029868	0.008914684167762721
8179A86D76	32	0.30456865943643346	0.45443239282339576	0.2246318036236314	0.016367144116539317
8179A86D76	33	0.5814241320555852	0.019301277428266553	0.3784662026049606	0.02080838791118741
8179A86D76	34	0.041368429010776295	0.3641859210336724	0.2848679822151098	0.30957766774044165
8179A86D76	35	0.8959279633677532	0.031099610081384167	0.05785388908582329	0.01511853746503936
8179A86D76	36	0.4176074189380984	0.4311602551728731	0.13883339031544306	0.012398935573585276
8179A86D76	37	0.048358343508191654	0.8217161669816424	0.1240521155089984	0.0058733740011673915
8179A86D76	38	0.04318291440405621	0.6693549136951524	0.26871300793823977	0.018749163962551302
8179A86D76	39	0.041166188660690425	0.3191792713043316	0.16365448587526688	0.4760000541597112
8179A86D76	40	0.03610442217141287	0.22141969597034497	0.7275857108570554	0.014890171001186675
8179A86D76	41	0.7957112779222186	0.15471934261392173	0.04507033843545001	0.0044990410284098115
8179A86D76	42	0.9220518071211636	0.005415118722023959	0.06691861495166512	0.005614459205147463
8179A86D76	43	0.7464615852834028	0.018017079500971093	0.22747549874705544	0.008045836468570565
8179A86D76	44	0.19345512858882558	0.573239934375344	0.20009145212402035	0.03321348491181004
8179A86D76	45	0.0844517952486656	0.6252126380292033	0.25391355048866987	0.036422016233461516
8179A86D76	46	0.010650214258166743	0.9089020651027477	0.07407255240451154	0.006375168234574093
8179A86D76	47	0.013250464690939512	0.04542617081331517	0.2904366189149135	0.6508867455808318
8179A86D76	48	0.13320968923308524	0.6300726823486307	0.228294903241466	0.008422725176818326
8179A86D76	49	0.032013544567345655	0.8238091563683068	0.13249035757933983	0.01168694148500777
8179A86D76	50	0.012790175631727864	0.8041857512946639	0.16570592806880366	0.017318145004804796
8179A86D76	51	0.005024010057344788	0.8960906394628549	0.09704336387163327	0.001841986608167034
8179A86D76	52	0.02661686914920097	0.8455028638026083	0.10993990887202083	0.0179403581761701
8179A86D76	53	0.037723103868440674	0.1125283283785933	0.8206013339068596	0.029147233846106187
8179A86D76	54	0.0064771736475257155	0.8712338375906427	0.11922955724280869	0.0030594315190230663
8179A86D76	55	0.37869903311180136	0.2902058673246682	0.29921879197494217	0.03187630758858841
8179A86D76	56	0.5710299038295603	0.2968940292395778	0.12279684303368169	0.009279223897180222
8179A86D76	57	0.8222751007416866	0.11074346172215951	0.060203777973165555	0.0067776595629880166
8179A86D76	58	0.9762628502787615	0.003923735596934801	0.019220177424136453	0.0005932367001674737
8179A86D76	59	0.6964668167332556	0.1521221264834879	0.14756718641272856	0.003843870370528218
8179A86D76	60	0.4012425648703678	0.06481071354495961	0.5067482414673711	0.02719848011730124
8179A86D76	61	0.9109859946781995	0.07352532979481306	0.014236070931659626	0.0012526045953277294
8179A86D76	62	0.03875341569425742	0.5440621260126823	0.4047868750735316	0.012397583219528437
8179A86D76	63	0.1519088232482635	0.38067321532640935	0.43103482114618674	0.03638314027914053
8179A86D76	64	0.8781911881583858	0.060526178850751206	0.056310983486623715	0.004971649504239396
8179A86D76	65	0.019837281235327804	0.6278585956549576	0.34481315851957434	0.00749096459014047
8179A86D76	66	0.04173753726217934	0.7008009672128285	0.24786187776196641	0.009599617763025897
8179A86D76	67	0.05319419650565593	0.8639452881016076	0.07819583611791608	0.004664679274820187
8179A86D76	68	0.02446728935928832	0.6164976057828003	0.3451723634329506	0.013862741424961161
8179A86D76	69	0.027564973697508224	0.820034937452802	0.03297264666389716	0.11942744218579227
8179A86D76	70	0.39683116165824006	0.21808017683456266	0.37661754070614983	0.00847112080104714
8179A86D76	71	0.016667532298400515	0.2157492284903453	0.4092712652519271	0.3583119739593273
8179A86D76	72	0.002592393114201731	0.9120372904527216	0.08367873573758253	0.001691580695494272
8179A86D76	73	0.002421326429771087	0.8570613520083982	0.13910589220081274	0.0014114293610180582
8179A86D76	74	0.9144916745940503	0.015052254222972314	0.06786014203261743	0.0025959291503601443
8179A86D76	75	0.36389984276359977	0.0781884568496357	0.5354582212833523	0.02245347910341228
8179A86D76	76	0.03274662824524664	0.5654974947458059	0.39551833208956333	0.006237544919384099
8179A86D76	77	0.0035143853832832308	0.7436247871675165	0.2497191938813596	0.0031416335678406187
8179A86D76	78	0.4127289958489037	0.28278632113409613	0.2920032350997953	0.01248144791720437
8179A86D76	79	0.48976129544831726	0.3311097987174133	0.1464670355373437	0.03266187029692575
8179A86D76	80	0.8233154962856476	0.11637428528877732	0.056814264221554736	0.0034959542040203014
8179A86D76	81	0.005639856074219333	0.07058669659919858	0.6507949701509813	0.27297847717560053
8179A86D76	82	0.03203793557289498	0.6827050079886874	0.24808500157665953	0.0371720548617583
8179A86D76	83	0.019726670131498546	0.8226591552685444	0.13321464096310834	0.024399533636848682
8179A86D76	84	0.9817098418626256	0.0024972396619502694	0.011961193816211845	0.0038317246592124918
8179A86D76	85	0.7739867548225325	0.05523078816094976	0.12475554964794576	0.04602690736857211
8179A86D76	86	0.8388914207984346	0.030211553796652652	0.11191571175615757	0.01898131364875518
8179A86D76	87	0.016372227316912052	0.6905584717872568	0.2734963743272254	0.019572926568605684
8179A86D76	88	0.5857571953008409	0.01507570461205952	0.21766638127920443	0.18150071880789526
8179A86D76	89	0.7512325973247918	0.1405299280095091	0.0931632974418202	0.015074177223879267
8179A86D76	90	0.9497998144506351	0.0026847263578361614	0.04315387920842821	0.004361579983100448
8179A86D76	91	0.9516879971648019	0.015885017831603968	0.019308188231084288	0.013118796772510183
8179A86D76	92	0.008619722088048122	0.8517763244825164	0.11631048810922032	0.02329346532021528
8179A86D76	93	0.013333523648843467	0.8892098553963677	0.09528820879131052	0.002168412163478388
8179A86D76	94	0.7971077763209989	0.027806680571238807	0.14036654160880674	0.03471900149895544
8179A86D76	95	0.0664300696388425	0.6495282483329802	0.25874476782749695	0.025296914200680313
8179A86D76	96	0.03380077293724951	0.885691694261219	0.06381128398024247	0.016696248821289138
8179A86D76	97	0.16063884515897203	0.016542474821300217	0.2537644889192171	0.5690541911005103
8179A86D76	98	0.0047180535636071825	0.013866084868347815	0.0284502282735068	0.9529656332945386
8179A86D76	99	0.012470452238349486	0.8240733708125315	0.13248028205890502	0.030975894890213993
8179A86D76	100	0.009299915395204868	0.6479914513062438	0.3282809138273206	0.014427719471230619
8179A86D76	101	0.8285005207168664	0.08972520093626557	0.05044214311855257	0.03133213522831579
8179A86D76	102	0.03841856001477498	0.6334448634109662	0.3140243132747373	0.014112263299521234
8179A86D76	103	0.025281577123744927	0.482287875728804	0.12312406813180378	0.36930647901564756
8179A86D76	104	0.01643858451121325	0.4671611135393152	0.46408925232589776	0.052311049623573934
8179A86D76	105	0.15349710926991736	0.6176897505493658	0.15445331292410816	0.07435982725660886
8179A86D76	106	0.9410193617852294	0.026346709799370243	0.030610757346500185	0.00202317106890011
8179A86D76	107	0.2960666944677148	0.3900725923817408	0.2596002405938296	0.0542604725567145
8179A86D76	108	0.01242280247811255	0.8431625146335523	0.13676818015240103	0.007646502735934275
8179A86D76	109	0.012618662503117724	0.8563327643531848	0.12527921532282565	0.005769357820871787
8179A86D76	110	0.007043414637863935	0.8786485113920021	0.11128715319450967	0.0030209207756245215
8179A86D76	111	0.14992113447404695	0.584745785446835	0.20621705099221288	0.059116029086905365
8179A86D76	112	0.7563210194217378	0.021996815555119363	0.10993769384930813	0.11174447117383471
8179A86D76	113	0.015167658738932138	0.8794662556973795	0.10222577447693945	0.003140311086748864
8179A86D76	114	0.15886252825465802	0.3953596904663516	0.40067993371970395	0.04509784755928667
8179A86D76	115	0.007665797056023992	0.06376781309713071	0.30294005642295546	0.62562633342389
8179A86D76	116	0.2721718343442794	0.15311940705224053	0.3054343004328231	0.2692744581706569
8179A86D76	117	0.006540707295695164	0.7808788502346286	0.20721833815239446	0.00536210431728191
8179A86D76	118	0.8069825945394213	0.04295268401253811	0.07377477848930468	0.07628994295873576
8179A86D76	119	0.09471844355415263	0.3490654163625966	0.47514273818972547	0.08107340189352555
8179A86D76	120	0.00644278948686034	0.08428429091168764	0.01775314461599159	0.8915197749854604
8179A86D76	121	0.015720906671140494	0.5597596038298518	0.22461785904171733	0.19990163045729017
8179A86D76	122	0.005747388433398102	0.05011411149218948	0.2354603725065694	0.7086781275678431
8179A86D76	123	0.02345430709434552	0.733917474381201	0.21627980732236315	0.026348411202090763
8179A86D76	124	0.37827936701875536	0.3040299664983039	0.2607774307095152	0.05691323577342551
8179A86D76	125	0.7352511072103197	0.016390864104951667	0.10948948709255048	0.13886854159217762
8179A86D76	126	0.01571123890470037	0.8314759003589104	0.13939223771164927	0.013420623024739776
8179A86D76	127	0.010811766955749454	0.10460493597723186	0.26476855966114676	0.6198147374058722
8179A86D76	128	0.14618039424207413	0.13365680050392703	0.6297249190045238	0.0904378862494749
8179A86D76	129	0.006676100479679302	0.12106069217314278	0.7667195813784097	0.10554362596876835
8179A86D76	130	0.06723955659248936	0.2638092172922877	0.11935537453488347	0.5495958515803395
8179A86D76	131	0.025191643371434678	0.6867660076980033	0.17789538218199435	0.11014696674856757
8179A86D76	132	0.12913647618248755	0.01869935803199868	0.6452548396295917	0.20690932615592214
8179A86D76	133	0.0008487995200537436	0.002623576685515603	0.002335031619805404	0.9941925921746252
8179A86D76	134	0.04172534599398959	0.1363729440523486	0.20369629499550418	0.6182054149581578
8179A86D76	135	0.004693375387053504	0.8692596017610212	0.11187741929728164	0.014169603554643598
8179A86D76	136	0.032345202899580115	0.040384030814081595	0.04487262966161262	0.8823981366247254
8179A86D76	137	0.0051249870325299944	0.0789629974986238	0.041957283825647985	0.8739547316431981
