Source Name	Cell ID	archetype 1	archetype 2	archetype 3	archetype 4
8179A86D76	1	0.960595302892549	0.004261877228376374	0.03424960427535174	0.0008932156037229303
8179A86D76	2	0.7163026238222643	0.16202365134661964	0.11047847426144503	0.011195250569671215
8179A86D76	3	0.5898883539773212	0.21537351788281545	0.14136955843081947	0.053368569709043974
8179A86D76	4	0.8873163113642805	0.01679435133250474	0.08185774389189507	0.014031593411319493
8179A86D76	5	0.7416854571614572	0.09831427467455847	0.09541459330047693	0.06458567486350733
8179A86D76	6	0.2923991952750258	0.28076158738800966	0.19559098763927987	0.23124822969768474
8179A86D76	7	0.586817575056496	0.13739795288969991	0.1628563869239036	0.11292808512990017
8179A86D76	8	0.50076075026322	0.30809662228432577	0.1641545056506625	0.0269881218017917
8179A86D76	9	0.6041954469245961	0.27010217175907697	0.10550858811102885	0.020193793205298145
8179A86D76	10	0.041207836413053665	0.12799401530479568	0.2410247000165585	0.589773448265592
8179A86D76	11	0.5694046861487491	0.09005277442549252	0.24615454645972712	0.0943879929660311
8179A86D76	12	0.14605065940042236	0.13839222893978642	0.3157411741557148	0.39981593750407657
8179A86D76	13	0.03240808920461839	0.3808320207790889	0.3279072498260385	0.2588526401902537
8179A86D76	14	0.6607159372302847	0.12350960136367253	0.19384745647577564	0.02192700493026728
8179A86D76	15	0.023629133955494163	0.19211531078475302	0.15467393064256085	0.6295816246171921
8179A86D76	16	0.47870748036336125	0.1912781177184459	0.24078857836038395	0.08922582355780892
8179A86D76	17	0.521694761428531	0.3061833232422721	0.16050523347011	0.011616681859086953
8179A86D76	18	0.06917287762307092	0.7240588178163793	0.18913599961902905	0.01763230494152037
8179A86D76	19	0.08764240508012897	0.5801095431069531	0.23137813419500863	0.1008699176179091
8179A86D76	20	0.6387847094848238	0.04780955894536922	0.14607096093188088	0.16733477063792598
8179A86D76	21	0.4668691585434409	0.13621335007437013	0.3628850945959647	0.03403239678622438
8179A86D76	22	0.0720254454720302	0.6758470998885902	0.1325170859003085	0.11961036873907079
8179A86D76	23	0.5444553420715141	0.060964089148443104	0.15943860969232948	0.23514195908771368
8179A86D76	24	0.06911709889112057	0.5319466524747545	0.37918869671048355	0.019747551923641478
8179A86D76	25	0.1973717460553761	0.5942488411583249	0.14489603135548965	0.06348338143080914
8179A86D76	26	0.7854979833335076	0.013394294114371201	0.1837804703249092	0.01732725222721205
8179A86D76	27	0.8397453164760335	0.062455157372897835	0.06802898971908354	0.029770536431985226
8179A86D76	28	0.019469500884319518	0.664848439474962	0.1641338078457175	0.15154825179500075
8179A86D76	29	0.19502052642698606	0.4891749398403764	0.27536424175490987	0.040440291977727735
8179A86D76	30	0.0451313851015914	0.5583101296522032	0.22904875165047692	0.16750973359572835
8179A86D76	31	0.08362893294770343	0.7013505903236583	0.15421395528220413	0.06080652144643418
8179A86D76	32	0.9444145246938849	0.011977795923139162	0.04138649114042173	0.0022211882425541515
8179A86D76	33	0.7028747574266739	0.1721125380005768	0.08839030758116723	0.03662239699158192
8179A86D76	34	0.042801376447089624	0.4069340713011577	0.19009444429529598	0.3601701079564565
8179A86D76	35	0.4079742016657238	0.22723181216906746	0.30376192861634405	0.06103205754886481
8179A86D76	36	0.11411764269802778	0.4696252411164576	0.2185277247656005	0.19772939141991397
8179A86D76	37	0.3511347677549477	0.2354978074725548	0.37924719947438984	0.0341202252981077
8179A86D76	38	0.07113089782378683	0.27687238742045955	0.6425517612752036	0.009444953480550059
8179A86D76	39	0.011349261147526785	0.39643708639714903	0.20000599659555998	0.3922076558597644
8179A86D76	40	0.4132281150338091	0.30985617294092616	0.2163965922280108	0.06051911979725398
8179A86D76	41	0.8136317621271151	0.11387125584448828	0.06915730029876924	0.0033396817296275087
8179A86D76	42	0.4676338307925629	0.17753238755296447	0.27623499569355947	0.07859878596091317
8179A86D76	43	0.031950643734921805	0.21727365905526758	0.26098084806917593	0.48979484914063487
8179A86D76	44	0.07159844222959759	0.5811079460285994	0.18254917100717577	0.16474444073462727
8179A86D76	45	0.194725238925331	0.3508444298740686	0.2966504667322892	0.1577798644683112
8179A86D76	46	0.04510536417280084	0.8032682851028317	0.13210737137233422	0.019518979352033384
8179A86D76	47	0.045185393334386655	0.42657560806635525	0.13199672236340215	0.39624227623585573
8179A86D76	48	0.13802396143990583	0.4053740229170186	0.12076370694671348	0.33583830869636194
8179A86D76	49	0.06166369279666591	0.7193873183738879	0.1037569467472668	0.11519204208217913
8179A86D76	50	0.005512793171591829	0.6591547750226316	0.1703233766176446	0.1650090551881321
8179A86D76	51	0.09130673514452278	0.3586084584687993	0.22498086693909486	0.3251039394475828
8179A86D76	52	0.038241311156901554	0.7880410099003042	0.10205860972951332	0.07165906921328068
8179A86D76	53	0.047057956540568976	0.716127037300005	0.11452312117923902	0.12229188498018694
8179A86D76	54	0.06161818311094694	0.643538336377964	0.19995275722247655	0.09489072328861291
8179A86D76	55	0.4753587090570568	0.28832683412235655	0.14713018054635923	0.08918427627422737
8179A86D76	56	0.4138918142597119	0.3449927154094012	0.1586587625270621	0.08245670780382457
8179A86D76	57	0.5585779088650596	0.11569868581216515	0.18821326641059818	0.1375101389121772
8179A86D76	58	0.37422815963747613	0.1674088082339145	0.41762028343710417	0.04074274869150547
8179A86D76	59	0.5431248668178602	0.14458703779933613	0.22133652385128244	0.09095157153152157
8179A86D76	60	0.032533654525465555	0.36755443687385786	0.13656460588776426	0.46334730271291225
8179A86D76	61	0.22022207527396084	0.4946365197151752	0.20020157057706914	0.08493983443379491
8179A86D76	62	0.10109331259056166	0.5045032739834854	0.2517961504401558	0.1426072629857972
8179A86D76	63	0.727066676097242	0.05261027377933558	0.13433111226707728	0.08599193785634537
8179A86D76	64	0.7226049371027639	0.08748938057089546	0.17674356969298619	0.013162112633354565
8179A86D76	65	0.11931470997149432	0.4459994282306173	0.40447931840091816	0.030206543396970154
8179A86D76	66	0.1714835209055883	0.38709943064941305	0.22387142869982604	0.21754561974517245
8179A86D76	67	0.5139853163440651	0.2381425670023317	0.15321367394251745	0.09465844271108587
8179A86D76	68	0.24680527662514962	0.36654817510361704	0.3507581876447976	0.03588836062643579
8179A86D76	69	0.24577695010632378	0.2625998593831539	0.17026276858191444	0.32136042192860786
8179A86D76	70	0.5661770123944199	0.16605837738255347	0.2608573102902065	0.006907299932820634
8179A86D76	71	0.045879427052714056	0.26263129492358717	0.1570489548142614	0.5344403232094376
8179A86D76	72	0.031018741069671833	0.683487402422932	0.16312006943823487	0.12237378706916142
8179A86D76	73	0.006494166672597326	0.8021326612299773	0.12479054859221343	0.06658262350521228
8179A86D76	74	0.9335247302268476	0.023546125097838735	0.03678163128066963	0.006147513394644317
8179A86D76	75	0.3205873190296879	0.24181377982040278	0.24368555813780213	0.19391334301210714
8179A86D76	76	0.11749192024576058	0.7383068519174774	0.09527388069550588	0.048927347141256246
8179A86D76	77	0.07379886499260412	0.5690839332775183	0.265852613983532	0.09126458774634576
8179A86D76	78	0.5335995585407002	0.3052206652811961	0.12555069780832415	0.03562907836977972
8179A86D76	79	0.584836481946328	0.11306962460260159	0.1760483528003098	0.1260455406507606
8179A86D76	80	0.9609135615620682	0.008475599082843305	0.026378222293284393	0.004232617061803985
8179A86D76	81	0.05518659453455271	0.31173289030902185	0.3076578704724646	0.32542264468396076
8179A86D76	82	0.02288298721584378	0.3765355104233359	0.22167513197973518	0.3789063703810852
8179A86D76	83	0.040802307906417375	0.5702988144240229	0.13573766062898532	0.2531612170405746
8179A86D76	84	0.8037230595373055	0.09041998211408468	0.09221215081621237	0.01364480753239747
8179A86D76	85	0.5228207595358303	0.018882577423948416	0.27394410314724904	0.18435255989297242
8179A86D76	86	0.811049940162796	0.07542757516653197	0.10755866628453331	0.005963818386139036
8179A86D76	87	0.0905500967607669	0.5012779017470631	0.2226329723638264	0.18553902912834383
8179A86D76	88	0.8313124682372324	0.004452999183142992	0.1456057314900305	0.018628801089594024
8179A86D76	89	0.6592244653994946	0.17384028818170968	0.14343362065080406	0.02350162576799127
8179A86D76	90	0.8516988187119225	0.06676837468208592	0.06991429383189234	0.011618512774099097
8179A86D76	91	0.8320334445036555	0.07245126674903705	0.08661886784837762	0.008896420898929896
8179A86D76	92	0.029107249077077735	0.6927183426111259	0.169211719817522	0.10896268849427426
8179A86D76	93	0.5594902158776139	0.24249994834252778	0.11997784074826727	0.0780319950315908
8179A86D76	94	0.7298661057712361	0.11581572609683109	0.10569171849888015	0.04862644963305245
8179A86D76	95	0.04024275093510332	0.657907751488161	0.22780203512487593	0.07404746245185982
8179A86D76	96	0.05598547018076794	0.48223616801129593	0.12085897375409145	0.3409193880538447
8179A86D76	97	0.7774431864217306	0.012417621936208439	0.14554892783625958	0.06459026380580121
8179A86D76	98	0.14047088632112437	0.10085318410132274	0.26025352304805366	0.498422406529499
8179A86D76	99	0.0315648339368111	0.7214261176582315	0.23200616877086946	0.015002879634087933
8179A86D76	100	0.06614795360522945	0.4764567316135167	0.375534312583876	0.08186100219737794
8179A86D76	101	0.6731205696675047	0.13782278343441207	0.12098366451280879	0.06807298238527477
8179A86D76	102	0.13474311363197	0.6659698603554183	0.14963519635511544	0.04965182965749631
8179A86D76	103	0.10386609005119668	0.6307487526748258	0.1397254957443797	0.12565966152959798
8179A86D76	104	0.04868571147394003	0.2510631794914301	0.4988598000865369	0.20139130894809312
8179A86D76	105	0.5720826989586948	0.20101797645741604	0.12650807040523313	0.10039125417865617
8179A86D76	106	0.4789989851629187	0.25400845852124293	0.1746828083183445	0.09230974799749393
8179A86D76	107	0.1898782702721478	0.10427790384526736	0.12400080560350812	0.581843020279077
8179A86D76	108	0.1018732443176979	0.6522604542718106	0.15405852139902926	0.09180778001146213
8179A86D76	109	0.02468976814938418	0.7325724262772044	0.17188441348847597	0.07085339208493553
8179A86D76	110	0.38402861716157083	0.42094848855247996	0.17890759899496825	0.016115295290980648
8179A86D76	111	0.754781802078374	0.1409730174139358	0.0827464874779015	0.02149869302978846
8179A86D76	112	0.6340551632385183	0.09337480593264322	0.08724823450131679	0.1853217963275214
8179A86D76	113	0.052398882688533224	0.7802292551138809	0.1377171603749448	0.02965470182264079
8179A86D76	114	0.3373483351731046	0.2788052417438725	0.14546266650062734	0.23838375658239563
8179A86D76	115	0.04436027501266122	0.30392741048413124	0.26064274265779364	0.39106957184541397
8179A86D76	116	0.28411389907749296	0.3521397748898221	0.17650447251145218	0.18724185352123277
8179A86D76	117	0.16272659571329798	0.46824193398171055	0.1162194381828572	0.25281203212213416
8179A86D76	118	0.8030437821326706	0.08248606291677962	0.08013292882471174	0.03433722612583846
8179A86D76	119	0.6234884510123015	0.021739809541932466	0.19660797756456103	0.1581637618812048
8179A86D76	120	0.0659229581236056	0.553361308974295	0.15126134857886855	0.22945438432323106
8179A86D76	121	0.021883778626663745	0.42584092953684066	0.1426778682098188	0.40959742362667656
8179A86D76	122	0.017132882636566663	0.6869715115990566	0.21880839126721968	0.07708721449715722
8179A86D76	123	0.25557705704191364	0.5042422215181342	0.19903427213746985	0.041146449302482076
8179A86D76	124	0.7029611986417855	0.09147889339877786	0.10752696934730227	0.09803293861213423
8179A86D76	125	0.7432448110832887	0.06697497570330842	0.12199062428855659	0.06778958892484613
8179A86D76	126	0.19594650910664754	0.546903002333252	0.20867850214553574	0.04847198641456451
8179A86D76	127	0.01846637732222423	0.42442806019829876	0.19606331507717267	0.3610422474023039
8179A86D76	128	0.15435575731090126	0.07656688761741628	0.27138213959728535	0.49769521547439716
8179A86D76	129	0.10957221546946587	0.08876717929755701	0.3975266887152362	0.4041339165177407
8179A86D76	130	0.034205700140637944	0.37687940937739084	0.26073751034695175	0.32817738013501974
8179A86D76	131	0.25024547041126927	0.2483330333406273	0.13992244880000568	0.3614990474480978
8179A86D76	132	0.5402450236522829	0.1530653893591691	0.18849434188458788	0.11819524510395987
8179A86D76	133	0.019830853683597247	0.27036357935433	0.19008257410603424	0.519722992856039
8179A86D76	134	0.029813135436297145	0.2200571702887077	0.24558186874780233	0.5045478255271929
8179A86D76	135	0.05318488580115985	0.353527218983055	0.24418239116419863	0.3491055040515865
8179A86D76	136	0.008921462193697514	0.249517558010783	0.17809152718521432	0.563469452610305
8179A86D76	137	0.02515062010269137	0.3522471415620984	0.29152371174320785	0.3310785265920022
