Source Name	Cell ID	archetype 1	archetype 2	archetype 3	archetype 4
22DF2AE1A0	1	0.7204523101483454	0.1122125209649677	0.15896188670667877	0.00837328218000823
22DF2AE1A0	2	0.6976165976144544	0.0820330994292037	0.1824710599850296	0.03787924297131212
22DF2AE1A0	3	0.7909142028988984	0.08465845225837708	0.07664968290595998	0.04777766193676444
22DF2AE1A0	4	0.03285954411431226	0.5885745484636288	0.09205693985637833	0.2865089675656803
22DF2AE1A0	5	0.8696602879802411	0.039434539011551854	0.08958463902186475	0.0013205339863425136
22DF2AE1A0	6	0.08727870730185418	0.09573700730226516	0.2260497948760512	0.5909344905198289
22DF2AE1A0	7	0.8293518032408516	0.04501616257038871	0.10204068384079397	0.02359135034796565
22DF2AE1A0	8	0.12536421702325992	0.20580600301057014	0.24811503908685278	0.4207147408793171
22DF2AE1A0	9	0.5431892046095136	0.23583779729285578	0.19409617853787148	0.026876819559759225
22DF2AE1A0	10	0.020253410018059095	0.6648162740562675	0.20674394681494884	0.1081863691107245
22DF2AE1A0	11	0.31614432269965637	0.4139752947267352	0.22939073447336406	0.04048964810024452
22DF2AE1A0	12	0.9744014465868254	0.0012766759941917971	0.023755682508072803	0.0005661949109102031
22DF2AE1A0	13	0.0374827281275543	0.671933602262048	0.19511138456818952	0.0954722850422084
22DF2AE1A0	14	0.026949914825110544	0.24790605155858875	0.171969674038692	0.5531743595776086
22DF2AE1A0	15	0.017946504049763293	0.712971618338257	0.16578538629561604	0.10329649131636391
22DF2AE1A0	16	0.6321155305911554	0.12871293464763106	0.15440557039349126	0.08476596436772238
22DF2AE1A0	17	0.6856346241277659	0.11464093954418254	0.14406215800194808	0.05566227832610368
22DF2AE1A0	18	0.3219872954987843	0.17539979961016458	0.1970032107636236	0.3056096941274272
22DF2AE1A0	19	0.05654589984446138	0.4179897896902161	0.1584612126736796	0.367003097791643
22DF2AE1A0	20	0.42354792259721447	0.32312530098289516	0.15431121541901924	0.09901556100087115
22DF2AE1A0	21	0.7672818930432904	0.06426552888132342	0.1619865627800323	0.00646601529535409
22DF2AE1A0	22	0.028765659239036883	0.6623949863303382	0.18167540561027462	0.12716394882035006
22DF2AE1A0	23	0.00982284789950004	0.5157113370845008	0.1990154014087252	0.275450413607274
22DF2AE1A0	24	0.10066849920902875	0.27395556555423267	0.13272816778191865	0.49264776745481986
22DF2AE1A0	25	0.006923858649846305	0.5760443752967087	0.17896846282461065	0.238063303228834
22DF2AE1A0	26	0.35042519413344875	0.20067845604639786	0.3363849630803043	0.1125113867398491
22DF2AE1A0	27	0.02267644667740585	0.5735408682213063	0.11390343842443497	0.2898792466768525
22DF2AE1A0	28	0.4752272047987915	0.2960490849961541	0.17595405836405867	0.05276965184099589
22DF2AE1A0	29	0.07559175987420343	0.4123830854330971	0.19790417397550203	0.31412098071719774
22DF2AE1A0	30	0.04252712897348825	0.5832043148301265	0.18853034559450357	0.1857382106018815
22DF2AE1A0	31	0.9198263352415695	0.01907466237946996	0.04710846100168967	0.013990541377270712
22DF2AE1A0	32	0.1136999591012336	0.6153393709127913	0.17308633115863434	0.09787433882734058
22DF2AE1A0	33	0.15629625534907554	0.30952596832921897	0.49381567223829	0.04036210408341544
22DF2AE1A0	34	0.499497970735019	0.2176892695801435	0.16607681215900655	0.11673594752583095
22DF2AE1A0	35	0.018133690718276346	0.5958676477456881	0.19426179018763287	0.19173687134840253
22DF2AE1A0	36	0.3815696136357013	0.326933611053179	0.26072084649368066	0.030775928817439145
22DF2AE1A0	37	0.6427180874962005	0.21594793829303166	0.11877431607374599	0.022559658137021724
22DF2AE1A0	38	0.20869240658299257	0.4955321100751226	0.23269116617589816	0.06308431716598645
22DF2AE1A0	39	0.14912439873460026	0.540054827023715	0.21462787818831192	0.0961928960533729
22DF2AE1A0	40	0.11797131613492348	0.7031769491063556	0.1435521459499957	0.03529958880872493
22DF2AE1A0	41	0.5604354217038549	0.30534098241351837	0.12105242029538027	0.013171175587246469
22DF2AE1A0	42	0.016499254996072348	0.6515272438840084	0.17773159936215843	0.15424190175776067
22DF2AE1A0	43	0.3460357366801325	0.4309506456014712	0.21132755446141666	0.011686063256979805
22DF2AE1A0	44	0.8851017569592157	0.03996926453717047	0.055190820232962484	0.01973815827065118
22DF2AE1A0	45	0.007692791591101447	0.13301325338092476	0.2034618879407211	0.6558320670872532
22DF2AE1A0	46	0.0080642284030642	0.17410852627513157	0.1611932558774446	0.6566339894443597
22DF2AE1A0	47	0.1033898562803198	0.5978816871221789	0.1384044349883916	0.16032402160910958
22DF2AE1A0	48	0.03172576829353086	0.7134942909919376	0.17297938172053573	0.08180055899399578
22DF2AE1A0	49	0.08072380468797244	0.6558179985350744	0.19853847989930007	0.06491971687765297
22DF2AE1A0	50	0.23242156344832707	0.4890342991845888	0.25936493287979157	0.019179204487292816
22DF2AE1A0	51	0.07914689096525052	0.6638268720047872	0.17197205191370546	0.08505418511625673
22DF2AE1A0	52	0.9206235427461809	0.005635405668738406	0.0533589116892837	0.02038213989579702
22DF2AE1A0	53	0.05000758003987945	0.20999595671814314	0.2839431418616297	0.45605332138034776
22DF2AE1A0	54	0.015641769992765432	0.26924377198549276	0.2877517495559622	0.4273627084657797
22DF2AE1A0	55	0.38562866461718365	0.2502398075527553	0.22878929935803632	0.13534222847202457
22DF2AE1A0	56	0.8199094028120006	0.08678956181117023	0.06038452242328851	0.032916512953540776
22DF2AE1A0	57	0.08429327124147246	0.01760767165522063	0.1558582716165717	0.7422407854867354
22DF2AE1A0	58	0.058603660595384584	0.6993995030395308	0.16845209697587366	0.07354473938921087
22DF2AE1A0	59	0.07325389675713324	0.05510334921033698	0.7473572058058366	0.12428554822669328
22DF2AE1A0	60	0.022393369514878764	0.49222945312746996	0.1542658351379427	0.33111134221970884
22DF2AE1A0	61	0.0839642020142418	0.4701173991443956	0.2199243157697962	0.22599408307156635
22DF2AE1A0	62	0.0870171169848288	0.12185331077612409	0.1712506599486121	0.6198789122904349
22DF2AE1A0	63	0.01657219180125577	0.32004587058646583	0.1565552517930478	0.5068266858192307
22DF2AE1A0	64	0.3397328590408486	0.02855335947282139	0.3318274829185059	0.2998862985678239
