Source Name	Cell ID	archetype 1	archetype 2	archetype 3	archetype 4
15999C80F3	1	0.01577978169240147	0.5261461989436726	0.43351535577980177	0.0245586635841242
15999C80F3	2	0.0547763514121079	0.5917480374791182	0.19633917624865882	0.1571364348601149
15999C80F3	3	0.25430583018199027	0.27409972851838155	0.1909519149514114	0.2806425263482168
15999C80F3	4	0.025079606143068797	0.7055978120157493	0.21348811974592777	0.05583446209525426
15999C80F3	5	0.014342499182409334	0.4373655250553082	0.4390116261552748	0.10928034960700733
15999C80F3	6	0.04921394850539791	0.5436282594936908	0.3621155695534731	0.04504222244743813
15999C80F3	7	0.20466140948254996	0.46650842063373726	0.31366609045474386	0.015164079428969041
15999C80F3	8	0.024604979546638338	0.7358496824334567	0.19403670380529772	0.04550863421460744
15999C80F3	9	0.2458169486933564	0.5325202886604542	0.21210149860457525	0.009561264041614174
15999C80F3	10	0.04445711817157442	0.4621205877536604	0.3589200042380553	0.13450228983670992
15999C80F3	11	0.29118503131124845	0.46251720685761066	0.1797221067106865	0.06657565512045435
15999C80F3	12	0.0121482968227054	0.14878025718998508	0.693743526857649	0.14532791912966048
15999C80F3	13	0.06200980431957489	0.6591935033189728	0.24516702007365038	0.03362967228780246
15999C80F3	14	0.02019255771959853	0.6888019360163566	0.28196137854654413	0.009044127717500437
15999C80F3	15	0.21249887106743745	0.2290802162941723	0.5075959805847087	0.05082493205368116
15999C80F3	16	0.016730997439140787	0.6544695466234681	0.2165578186726276	0.11224163726476356
15999C80F3	17	0.38188117447484915	0.3657328955781441	0.2412003968733726	0.01118553307363438
15999C80F3	18	0.24382150874237565	0.5011959824659451	0.22177370455324807	0.03320880423843142
15999C80F3	19	0.029550247664050396	0.7529615848562312	0.17069956667582084	0.04678860080389704
15999C80F3	20	0.27727816078851286	0.20418635923611142	0.49517259323753354	0.023362886737842134
15999C80F3	21	0.2906255286545656	0.12445735207475685	0.5741575645095046	0.010759554761172968
15999C80F3	22	0.5716008428977867	0.21640607981564106	0.20233395898913095	0.00965911829744129
15999C80F3	23	0.0901117648970265	0.5306066981092744	0.3522748622063548	0.027006674787344198
15999C80F3	24	0.3953873409996431	0.3983757104388593	0.19384437861476844	0.012392569946729213
15999C80F3	25	0.31046940597124795	0.2785116007048719	0.40018453408867855	0.01083445923520142
15999C80F3	26	0.13508990151521422	0.10733956065707656	0.6691105623885995	0.08845997543910979
15999C80F3	27	0.011788413868193882	0.12834714879391027	0.14098321966386174	0.7188812176740338
15999C80F3	28	0.029932264925439708	0.396281651032924	0.44085709599783246	0.13292898804380368
15999C80F3	29	0.08665404109462588	0.42275039696481287	0.4263736671981546	0.0642218947424066
15999C80F3	30	0.30152851485209087	0.48079691887756176	0.20454882329016977	0.013125742980177681
15999C80F3	31	0.012883300617944198	0.05738039485076489	0.25802027213021445	0.6717160324010766
15999C80F3	32	0.34027747529695107	0.13403277319432516	0.40781607531592945	0.11787367619279436
15999C80F3	33	0.47530326143881213	0.11728214294905084	0.35376413658685113	0.05365045902528595
15999C80F3	34	0.007149322629553011	0.21459771794666727	0.30437574745035445	0.47387721197342536
15999C80F3	35	0.21442414904908144	0.4887177692320002	0.27034197279112565	0.026516108927792402
15999C80F3	36	0.02049623177486615	0.4975074869033106	0.20162989615599816	0.2803663851658253
15999C80F3	37	0.09346470507491776	0.3185115111935572	0.45987685394064404	0.12814692979088102
15999C80F3	38	0.16357201095791962	0.15739601411976037	0.5606101160442053	0.11842185887811478
15999C80F3	39	0.04190058388814438	0.7978948041022338	0.14077959726712175	0.019425014742500347
15999C80F3	40	0.30457237567008666	0.4348698587953576	0.23501291470180807	0.025544850832747577
15999C80F3	41	0.02745932856802243	0.157004886485336	0.10570858306913848	0.7098272018775033
15999C80F3	42	0.07809000191388829	0.1280644250866668	0.6573462035589297	0.13649936944051524
15999C80F3	43	0.04789708623045296	0.6829571127429173	0.25513468311001164	0.01401111791661811
15999C80F3	44	0.13885723253806279	0.4220740183633595	0.4011999004897974	0.03786884860877981
15999C80F3	45	0.07021873879164028	0.5968239535083433	0.31920289274891034	0.013754414951105796
15999C80F3	46	0.3318543407068161	0.32350647673282257	0.30627441175500936	0.038364770805351764
15999C80F3	47	0.2850694924658119	0.5398766026599365	0.16371702332434718	0.011336881549904573
15999C80F3	48	0.0065737330005368735	0.7319474137235703	0.24124192458847044	0.02023692868742213
15999C80F3	49	0.29280540703323793	0.34707213405752313	0.22154986579896818	0.13857259311027056
15999C80F3	50	0.039240125120256014	0.6720855596630917	0.27502831698716657	0.013645998229485827
15999C80F3	51	0.03789790700330035	0.792731529563224	0.1569571033807344	0.01241346005274099
15999C80F3	52	0.019660763678353843	0.3513257140800766	0.4490445575975251	0.17996896464404466
15999C80F3	53	0.2791096581567288	0.19864845548425597	0.47155632739401326	0.05068555896500171
15999C80F3	54	0.24578023970590096	0.09364701458407282	0.5344005484439315	0.1261721972660949
15999C80F3	55	0.004771511815311449	0.7454458384962034	0.23389457508592443	0.01588807460256071
15999C80F3	56	0.21205875310726632	0.5910997994048772	0.1884037969774505	0.00843765051040597
15999C80F3	57	0.6619355173021603	0.19111267069809673	0.135291644013602	0.011660167986140795
15999C80F3	58	0.054347712342203196	0.7956025399929618	0.1458882872461659	0.004161460418669036
15999C80F3	59	0.4914695396746652	0.1572886404916647	0.342139751448543	0.009102068385126973
15999C80F3	60	0.14066047170234985	0.38521764179208706	0.4623359818619413	0.01178590464362202
15999C80F3	61	0.05360280143670136	0.6383645566759337	0.26553613323103425	0.04249650865633057
15999C80F3	62	0.008727588151647122	0.10154644541974464	0.3729097223311945	0.5168162440974137
15999C80F3	63	0.10062897475752233	0.6325065162823567	0.18543964766060525	0.08142486129951561
15999C80F3	64	0.22849521989109106	0.39075319474867576	0.34111843202417147	0.039633153336061884
15999C80F3	65	0.5909135917037804	0.07246680233335902	0.29697658361077295	0.039643022352087685
15999C80F3	66	0.1970199535072262	0.5882194101494175	0.19701706319890325	0.017743573144453323
15999C80F3	67	0.047077040333428924	0.17978084501473887	0.2486713043736546	0.5244708102781778
15999C80F3	68	0.0031751954953978903	0.03992552878820434	0.08567608199599526	0.8712231937204024
15999C80F3	69	0.09806343151244869	0.5873633506523527	0.2802125093461157	0.03436070848908318
15999C80F3	70	0.010241466538646079	0.0617460681593691	0.1510151929632915	0.7769972723386933
15999C80F3	71	0.009823430467949704	0.009166642591238144	0.009639453960155505	0.9713704729806567
15999C80F3	72	0.03930811810373579	0.46461929649627925	0.4753606488306715	0.02071193656931358
15999C80F3	73	0.1146533951206988	0.2579586724766781	0.18536711015114518	0.4420208222514779
15999C80F3	74	0.07109100390264851	0.2719372449511189	0.5808454023824	0.07612634876383222
15999C80F3	75	0.023158558260733146	0.37995911371154073	0.5839871018087683	0.012895226218957945
15999C80F3	76	0.1524688404286661	0.23489155478049242	0.3241872592009505	0.2884523455898909
15999C80F3	77	0.025999782348786787	0.031237183092450122	0.7304663515966575	0.2122966829621058
15999C80F3	78	0.13564244110103982	0.23334519483059876	0.36908095983423195	0.2619314042341293
15999C80F3	79	0.08325480246122388	0.36436693149190313	0.4276372727264551	0.12474099332041767
15999C80F3	80	0.05989777230366482	0.36315776613987133	0.30120328538327307	0.2757411761731908
15999C80F3	81	0.0635543429638577	0.26790870455258475	0.33332817588051916	0.3352087766030386
15999C80F3	82	0.10185451192802716	0.648292910252916	0.22891963488117337	0.02093294293788379
15999C80F3	83	0.22260000880548486	0.31730288260205125	0.2956370099069909	0.164460098685473
15999C80F3	84	0.1549444890511357	0.08479509094606802	0.15431204112523095	0.605948378877565
15999C80F3	85	0.21108188863219493	0.23024104973813744	0.43095915326278017	0.12771790836688762
15999C80F3	86	0.06667476991962207	0.5895559581881328	0.28756190525794834	0.05620736663429657
15999C80F3	87	0.12164562290244678	0.19472987325212163	0.5029067734169758	0.18071773042845574
15999C80F3	88	0.012630205872413779	0.7419808540756909	0.23187672063909145	0.01351221941280384
15999C80F3	89	0.06727635161095051	0.15122147762502516	0.16157978792993805	0.6199223828340861
15999C80F3	90	0.28864593311801445	0.5150259439255738	0.172173847646564	0.024154275309848056
15999C80F3	91	0.14105014229551752	0.3050121964241576	0.5073169929516729	0.046620668328651686
15999C80F3	92	0.041794127186474	0.7458030048760118	0.19019926475806118	0.022203603179453118
15999C80F3	93	0.022900860995093725	0.18836879198071785	0.338332227372012	0.45039811965217647
15999C80F3	94	0.056323740735923375	0.27801768844884656	0.47960866196175744	0.18604990885347253
15999C80F3	95	0.022145270944947035	0.055578826551044264	0.7385180963763405	0.18375780612766782
15999C80F3	96	0.16801862521385347	0.628657641980298	0.1580952398325306	0.045228492973318206
15999C80F3	97	0.005438260918519277	0.0472885179413196	0.1199159226402334	0.8273572984999275
15999C80F3	98	0.04665999672751735	0.7215908100904258	0.15787369133315837	0.07387550184889827
15999C80F3	99	0.25107888910920123	0.5488747410385411	0.16506317094774517	0.034983198904512465
15999C80F3	100	0.07418534343697422	0.5268747485067915	0.2503536371902364	0.14858627086599788
15999C80F3	101	0.009078622972182874	0.2688551736199923	0.2886768871652302	0.43338931624259436
15999C80F3	102	0.013581821845140729	0.38474710444258564	0.582598263491608	0.01907281022066545
15999C80F3	103	0.015781709253092222	0.6458334237936072	0.3246163385741049	0.013768528379195785
15999C80F3	104	0.03746549233512473	0.6503355499427981	0.3060803561663681	0.006118601555708843
15999C80F3	105	0.009541742717594505	0.44967855119408306	0.37884243668403056	0.1619372694042919
