Source Name	Cell ID	archetype 1	archetype 2	archetype 3	archetype 4
D2470961E8	1	0.9266971457523969	0.005068945407050128	0.0675005384830484	0.0007333703575043274
D2470961E8	2	0.7377724824649208	0.05388545715671538	0.1993012578634206	0.00904080251494335
D2470961E8	3	0.878399459980389	0.02461342921613597	0.091417024092381	0.005570086711094068
D2470961E8	4	0.9187529919620565	0.04008667374619731	0.038474781413667454	0.002685552878078694
D2470961E8	5	0.6559122605670358	0.05154760865999551	0.2780739008962928	0.014466229876675729
D2470961E8	6	0.8683646179984906	0.05395553665511184	0.06695912971345272	0.010720715632944695
D2470961E8	7	0.5412474085169123	0.04034862612136671	0.377125245982573	0.04127871937914788
D2470961E8	8	0.9920128350167697	0.0016632029093118018	0.005851758722515993	0.0004722033514021116
D2470961E8	9	0.4801069223187714	0.34495635728854834	0.10025702598547859	0.0746796944072017
D2470961E8	10	0.9828077095938725	0.006076497287867289	0.010256449331292022	0.0008593437869680618
D2470961E8	11	0.3961031414647697	0.16226727368662994	0.4167849825112692	0.024844602337331118
D2470961E8	12	0.9462225843270003	0.006528163484426506	0.04641843202215743	0.0008308201664154696
D2470961E8	13	0.1355512056246322	0.4998452464547147	0.35387356776749335	0.01072998015315908
D2470961E8	14	0.8308079217507606	0.05746653664341964	0.0690159017078165	0.04270963989800346
D2470961E8	15	0.9737793102662113	0.006889406506825235	0.015256003856790518	0.004075279370172976
D2470961E8	16	0.8468233605759671	0.0561966121671578	0.0919298994390371	0.0050501278178381685
D2470961E8	17	0.7964337517823465	0.11307366217846851	0.0819905882125605	0.008501997826624658
D2470961E8	18	0.9481769175156377	0.015607075136921647	0.034737682381021026	0.0014783249664196347
D2470961E8	19	0.46663544501386744	0.2359746613699062	0.28169700399436937	0.01569288962185692
D2470961E8	20	0.889076874237142	0.07541248748552908	0.03372523565529441	0.0017854026220347026
D2470961E8	21	0.015953141545661867	0.3300321563406647	0.48099994549496994	0.17301475661870336
D2470961E8	22	0.37160463199706817	0.42870706692972843	0.19321387788692856	0.006474423186275
D2470961E8	23	0.5452253156924615	0.3147468772005179	0.1332608036066306	0.006767003500389981
D2470961E8	24	0.9847721470049466	0.005170752874183354	0.009730891972773943	0.0003262081480961857
D2470961E8	25	0.508693562281716	0.1278694051003518	0.3530423760447229	0.010394656573209576
D2470961E8	26	0.04273796974588249	0.8040634039007115	0.1451087638844261	0.008089862468979884
D2470961E8	27	0.6926025703626181	0.0674290230956415	0.22867520288794121	0.011293203653799242
D2470961E8	28	0.3375051493051539	0.39750944260481086	0.16218897668582513	0.10279643140421052
D2470961E8	29	0.05243237882603687	0.42273477450647173	0.48569812643892524	0.039134720228566296
D2470961E8	30	0.8763458735258016	0.03701663138090374	0.08440816858935363	0.0022293265039409226
D2470961E8	31	0.8580615091167935	0.012067744724132853	0.12382453377803139	0.006046212381041837
D2470961E8	32	0.97245466404002	0.0018609405740484255	0.0234628827351723	0.002221512650759282
D2470961E8	33	0.08676575430166392	0.7550131651415509	0.13070715109528216	0.027513929461502558
D2470961E8	34	0.2899687816104574	0.05721521810635409	0.6199850986765083	0.03283090160668024
D2470961E8	35	0.6826841553267833	0.09234050580291293	0.21510531895045393	0.009870019919849616
D2470961E8	36	0.987127636011657	0.0011567085635316604	0.009744659851075489	0.0019709955737359608
D2470961E8	37	0.6141265974621777	0.04481917755032203	0.331214769328056	0.009839455659444307
D2470961E8	38	0.028502938557594816	0.6891056913901047	0.27507614464424146	0.00731522540805927
D2470961E8	39	0.9541005647151092	0.005641173394698799	0.03924798171264704	0.0010102801775452434
D2470961E8	40	0.514019745818575	0.08283178155575736	0.3949527082871312	0.008195764338536332
D2470961E8	41	0.28048151048782866	0.5266979767958083	0.10370784704138435	0.08911266567497914
D2470961E8	42	0.15395639433068892	0.6682202401931281	0.16652700892913683	0.01129635654704602
D2470961E8	43	0.025511508094312813	0.8356787521978584	0.13720788547725624	0.001601854230572767
D2470961E8	44	0.2500627688245828	0.5877072345727605	0.15540630039411096	0.006823696208545983
D2470961E8	45	0.9730701791253005	0.006550371143379265	0.018668305233408608	0.0017111444979119228
D2470961E8	46	0.035457161104261184	0.789594696192954	0.15972427316446292	0.015223869538321626
D2470961E8	47	0.06264877253903643	0.6232645755503387	0.30893644270479653	0.005150209205828102
D2470961E8	48	0.4368692030396293	0.31998539084111344	0.2114961610583403	0.031649245060917
D2470961E8	49	0.05881581090281632	0.834863107655779	0.10018664642515095	0.0061344350162537515
D2470961E8	50	0.9811546390128965	0.0019393901030515428	0.013789209748422269	0.003116761135629689
D2470961E8	51	0.2439604631150191	0.608440847778872	0.13607669932648028	0.011521989779628837
D2470961E8	52	0.10411539037420506	0.2343691825853393	0.643243843090942	0.018271583949513684
D2470961E8	53	0.918593686795973	0.019910737429195247	0.05909061839127705	0.00240495738355473
D2470961E8	54	0.39851076901997917	0.12099279049337293	0.4734696450810857	0.007026795405562139
D2470961E8	55	0.024252293540394498	0.7424313215277737	0.22475402465755123	0.008562360274280617
D2470961E8	56	0.7818530295605587	0.04085978802258986	0.17269785925393236	0.0045893231629189945
D2470961E8	57	0.8927532643110008	0.028596184797649367	0.07389880475443049	0.004751746136919682
D2470961E8	58	0.009920864695548114	0.8837875034597261	0.10517973317097992	0.0011118986737456752
D2470961E8	59	0.36490391352898505	0.2658148543890029	0.3609385784953249	0.008342653586687366
D2470961E8	60	0.9627797280560781	0.014747852737870533	0.019675075603041745	0.002797343603009255
D2470961E8	61	0.02732986022145525	0.7539628976159588	0.21395997951980383	0.00474726264278208
D2470961E8	62	0.9457473472092011	0.005820837638129404	0.046842575399617746	0.0015892397530521663
D2470961E8	63	0.006998241011304607	0.5963993398968459	0.3958693794674493	0.0007330396244001229
D2470961E8	64	0.5641661798350137	0.02771917718214011	0.40426017229443645	0.003854470688409348
D2470961E8	65	0.6589339264023398	0.08328962251322658	0.21751942623046192	0.04025702485397193
D2470961E8	66	0.02607743546061249	0.6630715364823312	0.30429615312030983	0.006554874936746609
D2470961E8	67	0.43582780695242973	0.3835438923346141	0.16686148469532305	0.013766816017633094
D2470961E8	68	0.05609196835281441	0.778137517263362	0.15632957350473842	0.009440940879084887
D2470961E8	69	0.22246161369106734	0.2876778899705167	0.4845142246501795	0.005346271688236173
D2470961E8	70	0.15297069801929966	0.7118801692054203	0.12952277324108014	0.005626359534200019
D2470961E8	71	0.704456072625886	0.01919346104660037	0.2681816504962068	0.008168815831307033
D2470961E8	72	0.6229180116953574	0.10761366835404114	0.23183409537103442	0.03763422457956735
D2470961E8	73	0.11173172429242494	0.5642182085933602	0.3208523974540877	0.0031976696601270674
D2470961E8	74	0.12487641183009578	0.3259272602057384	0.525207145773543	0.023989182190622564
D2470961E8	75	0.09310010961924776	0.5277262173013638	0.3717822598986481	0.007391413180740393
D2470961E8	76	0.910568625379041	0.006304609818208599	0.07723947928413982	0.005887285518610804
D2470961E8	77	0.13152844784525242	0.06770188998003715	0.7966381467933439	0.004131515381366645
D2470961E8	78	0.9617194336061813	0.019217694234223696	0.016834155079319176	0.0022287170802756605
D2470961E8	79	0.11076320201081344	0.05421388023064538	0.09188055976759868	0.7431423579909425
D2470961E8	80	0.03391549285754306	0.5047788932698096	0.45760953451920483	0.0036960793534425006
D2470961E8	81	0.08427929781899518	0.6207989647852751	0.28709477864836797	0.007826958747362143
D2470961E8	82	0.17200706565775098	0.018417603218908635	0.8014823583184059	0.00809297280493439
D2470961E8	83	0.8087002309975394	0.02741222672030707	0.13857364084401755	0.02531390143813605
D2470961E8	84	0.013003435279476817	0.9116700413035022	0.07363710999052869	0.0016894134264922175
D2470961E8	85	0.00560996063198064	0.7877310809617477	0.20380105576456825	0.0028579026417032455
D2470961E8	86	0.023628345483330388	0.6720963561124448	0.2992680024880559	0.005007295916168875
D2470961E8	87	0.3449359197840237	0.4909010782770226	0.1577737861509116	0.00638921578804224
D2470961E8	88	0.013482077657151464	0.7427008486559146	0.2281632401691908	0.015653833517743194
D2470961E8	89	0.014809992652770452	0.9298759306276545	0.0501039561347427	0.005210120584832293
D2470961E8	90	0.5813040150534018	0.18396286281489405	0.1947984929889822	0.039934629142722014
D2470961E8	91	0.03835448201710451	0.8047272223823992	0.1294308150470774	0.02748748055341892
D2470961E8	92	0.017859915474552387	0.5366091596174553	0.442295246791757	0.00323567811623514
D2470961E8	93	0.29594069018119246	0.3258974758738593	0.36844672092190744	0.009715113023040666
D2470961E8	94	0.0022535367917686745	0.9054509780131411	0.09140588294503314	0.0008896022500570862
D2470961E8	95	0.09957467815715453	0.2083542007335665	0.11058947382803501	0.5814816472812439
D2470961E8	96	0.027133032807777256	0.7145128214375026	0.23804166717653794	0.020312478578182136
D2470961E8	97	0.021676915672100453	0.7095124317788843	0.2623268045896809	0.00648384795933459
D2470961E8	98	0.038423517957024686	0.783227341864926	0.15864494351157601	0.019704196666473082
D2470961E8	99	0.013499155762033083	0.8882273554850739	0.09734103422679628	0.0009324545260968104
D2470961E8	100	0.019797345787340024	0.6883199271096228	0.288580388654044	0.003302338448993044
D2470961E8	101	0.03554449635541537	0.6721184724959023	0.2777664217768347	0.014570609371847598
D2470961E8	102	0.0031880509912225337	0.9294607284721309	0.06693064477100931	0.00042057576563729013
D2470961E8	103	0.008931069215895144	0.36264078360668534	0.595779193456323	0.0326489537210964
D2470961E8	104	0.010547535825803797	0.82494828275386	0.16366356588615188	0.0008406155341840859
D2470961E8	105	0.0043506550435283824	0.9349899526216985	0.05803473747930008	0.0026246548554730706
D2470961E8	106	0.021509302088669267	0.3739968125627017	0.5883149596462052	0.016178925702424077
D2470961E8	107	0.01511726387715637	0.6559749334770735	0.32569988792308074	0.003207914722689307
D2470961E8	108	0.006700380886386116	0.7176303066734288	0.1639544822704717	0.11171483016971341
D2470961E8	109	0.010408795153293288	0.6096457917357788	0.3739719768999103	0.0059734362110175614
D2470961E8	110	0.002615624355924681	0.9129566925855159	0.08349259596522031	0.0009350870933390104
D2470961E8	111	0.17667818743614394	0.08485161476755432	0.2950812709722237	0.4433889268240779
D2470961E8	112	0.4253964573017603	0.08275903347814684	0.32790578345190424	0.1639387257681886
D2470961E8	113	0.010981608740903759	0.6902694486216365	0.2640018074535062	0.03474713518395347
D2470961E8	114	0.0024492629747886368	0.9287391467842027	0.0666233903565664	0.002188199884442217
D2470961E8	115	0.006284396525847829	0.8148719289810841	0.17359357986213683	0.005250094630931197
D2470961E8	116	0.011218168753276777	0.822837018733491	0.162231028840762	0.003713783672470026
D2470961E8	117	0.41198450555620947	0.18208192787542618	0.1554924623152144	0.25044110425315025
D2470961E8	118	0.0079479391994773	0.14871850049894864	0.791232382125569	0.05210117817600518
D2470961E8	119	0.018135258710220904	0.23749543948705906	0.2989394948812361	0.44542980692148376
D2470961E8	120	0.009299363785461904	0.3666154868563761	0.4178854873669268	0.2061996619912353
D2470961E8	121	0.028296901572209324	0.1281882389976824	0.19355377979467164	0.6499610796354365
D2470961E8	122	0.018086722951153992	0.1799413692849517	0.6859976659684347	0.11597424179545979
