Source Name	Cell ID	archetype 1	archetype 2	archetype 3	archetype 4
D7313FE224	1	0.556369331142704	0.13032978149171576	0.22382840615398894	0.08947248121159114
D7313FE224	2	0.06447755186007123	0.6483587890464353	0.2285857565835256	0.0585779025099682
D7313FE224	3	0.14310721237022378	0.46601526220560796	0.3501187014128199	0.04075882401134844
D7313FE224	4	0.22573646029798566	0.383135693746481	0.36760791113486535	0.023519934820668324
D7313FE224	5	0.19473031305515512	0.6373576771583404	0.1292154333409688	0.03869657644553609
D7313FE224	6	0.011097000170944518	0.7107223371975694	0.10054536283129228	0.17763529980019374
D7313FE224	7	0.009208176089230172	0.6364381388428892	0.16532105819489382	0.18903262687298678
D7313FE224	8	0.9058744806179466	0.02527005994350469	0.05630141291813448	0.012554046520414254
D7313FE224	9	0.2973981072242041	0.46651442136977095	0.20623521390979155	0.02985225749623371
D7313FE224	10	0.02315790674134105	0.19259487270754472	0.2468753448996048	0.5373718756515093
D7313FE224	11	0.17839700356979732	0.436306063730279	0.36495439015586695	0.020342542544056565
D7313FE224	12	0.8339952807823189	0.03682730530292808	0.12630572543766386	0.0028716884770890604
D7313FE224	13	0.5389386860251154	0.07237456335805259	0.17051230521040373	0.21817444540642816
D7313FE224	14	0.010027855005536362	0.22968484049828608	0.13197965108597054	0.6283076534102069
D7313FE224	15	0.7578388773083333	0.09440788078672994	0.14323087369005244	0.004522368214884577
D7313FE224	16	0.29055949980689433	0.27078502429476875	0.3455229665261547	0.09313250937218209
D7313FE224	17	0.3106253228997181	0.4005459302120608	0.2238160927353134	0.0650126541529079
D7313FE224	18	0.04198900296733107	0.661525756444675	0.2792418491314737	0.017243391456520173
D7313FE224	19	0.8740992212423482	0.021275232660410107	0.07067145403449016	0.03395409206275158
D7313FE224	20	0.6621539464388132	0.038325121600205125	0.13145970194624368	0.16806123001473802
D7313FE224	21	0.7419908091726548	0.06540365664678925	0.15856385422320418	0.03404167995735168
D7313FE224	22	0.5256798756772204	0.28018837152660997	0.16107999637873607	0.033051756417433506
D7313FE224	23	0.05822114562939877	0.4860129288127679	0.36056178283757495	0.09520414272025808
D7313FE224	24	0.7973533308608084	0.0689381255279355	0.08490366475397278	0.04880487885728335
D7313FE224	25	0.08850017171624505	0.18424532061683005	0.2116239188262677	0.5156305888406572
D7313FE224	26	0.34269146994823135	0.3112811451060303	0.23550453800564236	0.11052284694009594
D7313FE224	27	0.6578478588432193	0.08070633078192511	0.1991809229746302	0.06226488740022566
D7313FE224	28	0.10719420880323292	0.10075839650036245	0.16159937478873465	0.63044801990767
D7313FE224	29	0.882017476876873	0.03185097636169743	0.06469417889745328	0.021437367863976348
D7313FE224	30	0.04351684999766181	0.054751346218365526	0.1516711951568679	0.7500606086271046
D7313FE224	31	0.4065547894233297	0.2874668589968588	0.21759948785688837	0.08837886372292349
D7313FE224	32	0.0938524979525801	0.7557380992630278	0.11111768772626668	0.039291715058125426
D7313FE224	33	0.3357800497703398	0.3167570541440586	0.24843597695744157	0.09902691912816017
D7313FE224	34	0.009751090037027113	0.45952184755907	0.3572902889659739	0.17343677343792924
D7313FE224	35	0.03159743762954223	0.8154769814102801	0.11398178445593894	0.03894379650423856
D7313FE224	36	0.1125477558669259	0.4365116575851931	0.420133185907321	0.030807400640559805
D7313FE224	37	0.5534002269953814	0.11833505083049405	0.13674703019987247	0.19151769197425172
D7313FE224	38	0.49246994951860396	0.2806796188655964	0.1173752411472844	0.10947519046851548
D7313FE224	39	0.10618829121659572	0.44976866505499863	0.2314806087661978	0.21256243496220817
D7313FE224	40	0.008262679891824623	0.8667161302950378	0.07914325560849789	0.04587793420463954
D7313FE224	41	0.09001475876995695	0.2900609605564663	0.5890457805438349	0.030878500129741755
D7313FE224	42	0.7564477966528271	0.12480771514988385	0.09932835510861635	0.019416133088672533
D7313FE224	43	0.1592518701946687	0.5811785797825779	0.12053758242296936	0.13903196759978406
D7313FE224	44	0.26637266230985573	0.5213088652093342	0.1670701666128663	0.04524830586794385
D7313FE224	45	0.6092398030971371	0.17747207542863966	0.14312342248446347	0.07016469898975972
D7313FE224	46	0.02517083324355563	0.7281450531678737	0.13270797205199583	0.11397614153657477
D7313FE224	47	0.7938372495147424	0.06894740224929492	0.11815557461950235	0.01905977361646043
D7313FE224	48	0.13042948623819073	0.6153050417479611	0.2033871778895582	0.05087829412429014
D7313FE224	49	0.514948292490125	0.384076015138123	0.09107328476548072	0.009902407606271276
D7313FE224	50	0.9437305157074288	0.0034420900928497236	0.04857867841992893	0.004248715779792521
D7313FE224	51	0.869726717679955	0.05256968914204173	0.06772943752877407	0.009974155649229498
D7313FE224	52	0.06178257714035658	0.6477816985080229	0.08159267499862405	0.20884304935299672
D7313FE224	53	0.2101775015006924	0.4230396653977182	0.29087788720222224	0.0759049458993673
D7313FE224	54	0.06850013543644824	0.15606053868505854	0.21460473073632358	0.56083459514217
D7313FE224	55	0.07901554956334027	0.48665777727694887	0.23070028420879987	0.20362638895091098
D7313FE224	56	0.23431918539779617	0.31677749281457956	0.21128464961567162	0.23761867217195268
D7313FE224	57	0.02253235648463377	0.6717027447038393	0.20402328916697754	0.10174160964454929
D7313FE224	58	0.4093608390667417	0.47051644411713067	0.10754464740040515	0.012578069415722572
D7313FE224	59	0.8584189349909483	0.04694975397183088	0.08382730811014112	0.010804002927079394
D7313FE224	60	0.2847731025828695	0.5732122176302045	0.1058855956292321	0.03612908415769372
D7313FE224	61	0.39695336040319823	0.27447550052625014	0.17713345327298302	0.15143768579756867
D7313FE224	62	0.023900211707221054	0.7443764536156205	0.1500921446661863	0.08163119001097227
D7313FE224	63	0.018227506555621154	0.07804528354300631	0.11478083295735103	0.7889463769440215
D7313FE224	64	0.2906389969454933	0.06983292520889742	0.1486478122933323	0.49088026555227715
D7313FE224	65	0.024713608996141116	0.054327554410167095	0.15207835960671637	0.7688804769869755
D7313FE224	66	0.062317977285598576	0.4966129719113086	0.28722278360831344	0.15384626719477962
D7313FE224	67	0.022335547229421892	0.8288686779470616	0.12380126381449355	0.02499451100902301
D7313FE224	68	0.2564352878833829	0.3238986520730859	0.3340202506434184	0.08564580940011296
D7313FE224	69	0.035037602093009705	0.5527251306149685	0.23160372154664752	0.18063354574537444
D7313FE224	70	0.008422680896406808	0.6171784435135726	0.17093191854757803	0.20346695704244236
D7313FE224	71	0.567144957674339	0.17199191197702055	0.19249880061676922	0.06836432973187133
D7313FE224	72	0.010681274302350557	0.3677607354016262	0.11933321576791103	0.5022247745281122
D7313FE224	73	0.025583294476282836	0.6222345654845195	0.23228468587323295	0.11989745416596524
D7313FE224	74	0.011815428647159242	0.5422414153934395	0.14552630672848552	0.3004168492309159
