Source Name	Cell ID	archetype 1	archetype 2	archetype 3	archetype 4
D34B941004	1	0.6826793666477007	0.06680435557599046	0.1918445210644446	0.0586717567118642
D34B941004	2	0.7353598776097314	0.07991353964190133	0.17892275003737373	0.005803832710993691
D34B941004	3	0.8243783944341424	0.08791767836315473	0.07887131469208684	0.008832612510616053
D34B941004	4	0.7691448701820478	0.018987509388612076	0.19237957825246466	0.019488042176875477
D34B941004	5	0.7129534005614936	0.1297707245384902	0.12120650973550116	0.03606936516451509
D34B941004	6	0.7718113717835013	0.08590602657829918	0.11619654767189237	0.02608605396630639
D34B941004	7	0.5105283767583153	0.10597201589408442	0.1816890718761352	0.20181053547146496
D34B941004	8	0.3574926395087674	0.2808550819501797	0.3410716439596828	0.02058063458137008
D34B941004	9	0.8548931761933516	0.03464536522072132	0.10286582568970284	0.007595632896224117
D34B941004	10	0.8187572314452808	0.0796913231081445	0.08354488463473167	0.018006560811842858
D34B941004	11	0.9058506882990954	0.029953745069421663	0.05898434432943393	0.005211222302049068
D34B941004	12	0.15187931376234357	0.5347931522974124	0.2097034032270368	0.10362413071320713
D34B941004	13	0.9214923121334377	0.016979137570467744	0.056384949888632775	0.005143600407461673
D34B941004	14	0.41542984184888687	0.24303263421246765	0.32999505795914613	0.011542465979499282
D34B941004	15	0.06117227805780181	0.6663268149337844	0.15775819605714184	0.1147427109512719
D34B941004	16	0.4150446886713461	0.23938663508285837	0.2953383734889525	0.05023030275684312
D34B941004	17	0.7910032507137834	0.10574517689289926	0.09493174954438456	0.008319822848932935
D34B941004	18	0.8421439677377656	0.03416404247360702	0.1078500734851564	0.01584191630347074
D34B941004	19	0.8144356278301343	0.018952554342911782	0.10627656824871559	0.06033524957823853
D34B941004	20	0.6194069208444603	0.13283735061117655	0.20753861369196666	0.04021711485239616
D34B941004	21	0.5443598924541467	0.19837004922395665	0.20646338055599903	0.05080667776589774
D34B941004	22	0.9227692426022833	0.013951028489150323	0.057125075600785426	0.006154653307780669
D34B941004	23	0.40081926074975505	0.36435382112580017	0.19738861363281843	0.03743830449162635
D34B941004	24	0.3398648610275683	0.45862912136034567	0.18619340505098955	0.015312612561096488
D34B941004	25	0.09182189297475754	0.684595250962245	0.2143208012681779	0.009262054794819416
D34B941004	26	0.03973411203677093	0.2737733444326824	0.2036507181953557	0.4828418253351913
D34B941004	27	0.5469796852436211	0.25946216402510197	0.14587851552541675	0.04767963520586028
D34B941004	28	0.8307477904064269	0.049276644982205735	0.11524190740828542	0.004733657203081999
D34B941004	29	0.06260344830615928	0.7233921726859338	0.19058888728377654	0.023415491724130003
D34B941004	30	0.6402322576555026	0.08117436699189505	0.2461927006238339	0.03240067472876859
D34B941004	31	0.6271795034262546	0.1149213899038509	0.20884136479033258	0.04905774187956214
D34B941004	32	0.5401222416106798	0.19887099244678527	0.19307085029745474	0.06793591564507995
D34B941004	33	0.29861878412118836	0.47185544545131763	0.20492299383105514	0.02460277659643896
D34B941004	34	0.10466085750704057	0.753897801235114	0.09883062540693599	0.042610715850909496
D34B941004	35	0.861532896232438	0.04257163768712064	0.092152123535203	0.003743342545238182
D34B941004	36	0.13208659101880665	0.3153138307589861	0.4956728937144127	0.0569266845077941
D34B941004	37	0.020958172437354903	0.6220829974405307	0.2860412587371644	0.07091757138494996
D34B941004	38	0.024764661098008896	0.8144993168096394	0.14630668193949076	0.014429340152861146
D34B941004	39	0.9427416634608329	0.017454776816850256	0.03558175278554007	0.004221806936776605
D34B941004	40	0.6063630058998681	0.2536007016889621	0.12809835860593669	0.011937933805233177
D34B941004	41	0.3093881643431126	0.37207795812213185	0.16649066648051186	0.15204321105424365
D34B941004	42	0.7773045285593025	0.02652040035886694	0.15693502006843243	0.03924005101339804
D34B941004	43	0.03516801225689603	0.5635725445999491	0.29236476589426763	0.1088946772488874
D34B941004	44	0.19443290263120486	0.37345183490002587	0.41772515720271763	0.014390105266051641
D34B941004	45	0.0023787495757631263	0.6301331888158926	0.15934979083836284	0.20813827076998148
D34B941004	46	0.16922180135914536	0.690924660198908	0.12243891022421394	0.017414628217732757
D34B941004	47	0.03852495409830961	0.7744691556612333	0.16336443915683896	0.023641451083618086
D34B941004	48	0.8744624421728773	0.07852143039636415	0.03921085540122397	0.007805272029534553
D34B941004	49	0.9098191715217766	0.045226633074917505	0.038253214538069936	0.006700980865235863
D34B941004	50	0.05269130144145988	0.5291743541877191	0.3258640715438388	0.09227027282698223
D34B941004	51	0.20570105182438025	0.49953337206661713	0.28038691224416357	0.014378663864839032
D34B941004	52	0.21048439974586478	0.4468449291354178	0.3308805922460898	0.011790078872627547
D34B941004	53	0.9188363554783625	0.01777450169718032	0.049566619227289326	0.013822523597167985
D34B941004	54	0.03713360099404721	0.6635974463034117	0.263225630005226	0.036043322697315236
D34B941004	55	0.8888275203631496	0.03016396019374678	0.062166716371906725	0.018841803071196817
D34B941004	56	0.9701949510512402	0.010854253574925513	0.01771863830612869	0.0012321570677055916
D34B941004	57	0.011991568216474433	0.8061626540268396	0.12659989121994525	0.0552458865367407
D34B941004	58	0.7913136467327075	0.0694560782153054	0.08659501194220454	0.05263526310978233
D34B941004	59	0.8136689209455632	0.08580804176593845	0.07178696360757938	0.028736073680918753
D34B941004	60	0.0818907092566581	0.6975914605967198	0.1277609355386933	0.09275689460792874
D34B941004	61	0.22143988871045384	0.3439810012511347	0.13584114863781085	0.2987379614006007
D34B941004	62	0.594273190203104	0.27389543563510316	0.10019473624907158	0.031636637912721165
D34B941004	63	0.9518451353637118	0.012581297769645035	0.032636657975101305	0.002936908891541675
D34B941004	64	0.5864252134761563	0.22926916940008626	0.12693980880734765	0.057365808316409264
D34B941004	65	0.1593702846580228	0.1791485120045994	0.27750054883149783	0.38398065450587976
D34B941004	66	0.01635609510435191	0.7204439788298085	0.11880631512023061	0.14439361094560885
D34B941004	67	0.029931463251816243	0.5012505761614445	0.41222084036919093	0.056597120217548126
D34B941004	68	0.011723715506434836	0.7562565530363803	0.19211508130389915	0.03990465015328593
D34B941004	69	0.14474297468150504	0.5957921369465706	0.21274836925532364	0.04671651911660056
D34B941004	70	0.147631546612381	0.6072985374340151	0.12972291091606164	0.11534700503754235
D34B941004	71	0.006075127273640766	0.7844468374771327	0.1841985449292574	0.02527949031996884
D34B941004	72	0.01705981420880082	0.36923973986157116	0.1513416015778567	0.46235884435177127
D34B941004	73	0.01539440710556549	0.5439786233350066	0.342666611566503	0.0979603579929251
D34B941004	74	0.027499038902656342	0.8327659128933973	0.12325619678392785	0.016478851420018606
D34B941004	75	0.10228216307085325	0.5304329354209761	0.3165159298132728	0.05076897169489773
D34B941004	76	0.07971843319166527	0.5653987392964984	0.3161207718102571	0.03876205570157957
D34B941004	77	0.01934962856494897	0.638906247949078	0.1826208453459364	0.15912327814003668
D34B941004	78	0.00868469446425904	0.6562139297146702	0.19741665782129317	0.1376847179997774
D34B941004	79	0.32352404381782557	0.20351150291315992	0.1688708436476814	0.30409360962133297
D34B941004	80	0.012716794186094454	0.8049858185143651	0.15381327707553816	0.02848411022400236
D34B941004	81	0.016572072383628397	0.7275452204231297	0.16259034494626853	0.09329236224697351
D34B941004	82	0.10128546870376785	0.5497400808822335	0.19748645893563493	0.15148799147836403
D34B941004	83	0.04608529436522192	0.4993687654521935	0.22143598712356372	0.23310995305902069
D34B941004	84	0.012134542406594019	0.769268479619331	0.1661556341176868	0.052441343856388385
D34B941004	85	0.027801802737745972	0.4784914437470033	0.22155646647241953	0.2721502870428314
D34B941004	86	0.01190867594385369	0.7871203849335557	0.12013747430549893	0.0808334648170919
D34B941004	87	0.6007817392921811	0.08887108133122655	0.17767438524681756	0.13267279412977487
D34B941004	88	0.7259714953809493	0.019063519343268394	0.1365421305083782	0.11842285476740422
D34B941004	89	0.5033519529927423	0.0160816709721927	0.3464772420015787	0.134089134033486
D34B941004	90	0.06363279732001173	0.7141624164264299	0.1377345118597051	0.08447027439385323
D34B941004	91	0.6825363614812667	0.03168829211712795	0.15631915782743225	0.1294561885741729
D34B941004	92	0.09042662596129215	0.1564958405106928	0.4558987108847283	0.29717882264328677
D34B941004	93	0.06133462746050575	0.3133362389526383	0.2754825514528047	0.34984658213405134
