Source Name	Cell ID	archetype 1	archetype 2	archetype 3	archetype 4
321DEF59FC	1	0.008064033006769663	0.1144362407835012	0.33337175696145455	0.5441279692482743
321DEF59FC	2	0.000571954124946825	0.001665374909652198	0.002448551141909791	0.995314119823491
321DEF59FC	3	0.0034652978179170644	0.8841245494075584	0.10019011761319908	0.012220035161325204
321DEF59FC	4	0.11996200368351191	0.14395114725036187	0.5430622135338107	0.1930246355323155
321DEF59FC	5	0.008891489512945328	0.7856281761240761	0.15951754287320316	0.0459627914897753
321DEF59FC	6	0.0015156967717803137	0.0015437985376799868	0.00394049708692805	0.9930000076036116
321DEF59FC	7	0.009494524393251247	0.8729080448647648	0.11453947912571782	0.003057951616266418
321DEF59FC	8	0.6686336422407789	0.008512824726953371	0.11977690262192972	0.20307663041033758
321DEF59FC	9	0.6600297758376796	0.02652532699340815	0.24652915906643924	0.06691573810247303
321DEF59FC	10	0.7111884447887171	0.05312057814535822	0.19004139892905927	0.04564957813686556
321DEF59FC	11	0.0040506538632182326	0.8867085981696938	0.10736568793483048	0.0018750600322574994
321DEF59FC	12	0.12114566127386532	0.7442824827323753	0.10593661182899922	0.028635244164760373
321DEF59FC	13	0.3536645811879307	0.23176200019769042	0.36078356572932585	0.05378985288505299
321DEF59FC	14	0.003284147043883956	0.8500002028019212	0.1400101537496691	0.0067054964045257116
321DEF59FC	15	0.5944659625523867	0.02060705236460224	0.3275784133291379	0.057348571753873215
321DEF59FC	16	0.8947513223631133	0.07394707956026784	0.028660169718028587	0.002641428358590376
321DEF59FC	17	0.09336228647865873	0.6573581363765632	0.2410801569429302	0.008199420201847649
321DEF59FC	18	0.9511588711457083	0.014965032796616418	0.02647797586499534	0.007398120192680171
321DEF59FC	19	0.03027249458315136	0.76849085526155	0.17848247421344118	0.022754175941857552
321DEF59FC	20	0.6448708427869477	0.1098030149633568	0.2158246625716145	0.02950147967808102
321DEF59FC	21	0.003131250684265104	0.8187791724432268	0.17649557027984653	0.0015940065926615457
321DEF59FC	22	0.022681890418579893	0.868795647618208	0.10428149262226312	0.0042409693409488644
321DEF59FC	23	0.050780038839788745	0.7261367505050954	0.21601980814811456	0.0070634025070014745
321DEF59FC	24	0.04903025437749165	0.7390133172497164	0.08949321885247344	0.12246320952031836
321DEF59FC	25	0.008466333685444869	0.7299412776763348	0.25325495588011804	0.008337432758102488
321DEF59FC	26	0.7557583389689785	0.07485258543847619	0.16347498059212984	0.00591409500041534
321DEF59FC	27	0.03829250770801795	0.5113067636647887	0.43297096971225385	0.01742975891493939
321DEF59FC	28	0.055024588157859065	0.4300330140961784	0.23355066220097648	0.281391735544986
321DEF59FC	29	0.6218465262015833	0.07560996515103496	0.28924128223639606	0.01330222641098558
321DEF59FC	30	0.6852630035210668	0.06393141605871434	0.2375401885410813	0.0132653918791377
321DEF59FC	31	0.09700881158200499	0.34311247767420505	0.5248909555538985	0.034987755189891445
321DEF59FC	32	0.037463223814565474	0.4866882053398939	0.46377696601197527	0.012071604833565128
321DEF59FC	33	0.010813377745604244	0.7615930705024373	0.21622495773413322	0.011368594017825319
321DEF59FC	34	0.03995762457192459	0.685239209969198	0.2676279608375243	0.007175204621353435
321DEF59FC	35	0.9863285362334259	0.003768238392110348	0.008535813363209886	0.001367412011253967
321DEF59FC	36	0.024037581259743618	0.9069733460045408	0.06401160099314669	0.004977471742569076
321DEF59FC	37	0.08010111477179846	0.7639022042689471	0.13061572729266627	0.02538095366658844
321DEF59FC	38	0.028775561076546576	0.549806692712582	0.40284273339736704	0.018575012813504467
321DEF59FC	39	0.0014340673729906512	0.8955081279557874	0.09797725914917077	0.0050805455220511025
321DEF59FC	40	0.011455186270606231	0.8430038164966591	0.13170127726426709	0.01383971996846768
321DEF59FC	41	0.935460042304269	0.008584814065606157	0.054908168367582486	0.0010469752625422754
321DEF59FC	42	0.7752676197580877	0.17213472958499398	0.038388520892932876	0.014209129763985324
321DEF59FC	43	0.009945292983198697	0.860111520529745	0.12187115480740666	0.00807203167964941
321DEF59FC	44	0.48546514258427365	0.3869016275022555	0.12350471352378077	0.004128516389690221
321DEF59FC	45	0.004426179504067771	0.8807758713140491	0.1135195745762061	0.001278374605676915
321DEF59FC	46	0.2999731052077767	0.40121813737032797	0.2785368755231561	0.02027188189873928
321DEF59FC	47	0.0039852196883416085	0.8814450769880485	0.11319248844985652	0.0013772148737534555
321DEF59FC	48	0.0868156106569284	0.18643341327323926	0.29963844338090767	0.4271125326889246
321DEF59FC	49	0.4728383577377002	0.1539915598680657	0.3532822936964519	0.019887788697781766
321DEF59FC	50	0.05972853976214702	0.5267187958379936	0.27191926290165797	0.14163340149820158
321DEF59FC	51	0.04860044705759852	0.6188675849415987	0.32998777111808647	0.0025441968827160507
321DEF59FC	52	0.916213214929214	0.014825738836663549	0.03996100067645423	0.029000045557668382
321DEF59FC	53	0.027726567510412723	0.16238842297715916	0.7533572211210301	0.0565277883913982
321DEF59FC	54	0.014949503775500899	0.42979571138962064	0.12793041388171236	0.4273243709531656
321DEF59FC	55	0.01735917712515214	0.8087611507524697	0.1591526212535458	0.014727050868832327
321DEF59FC	56	0.01084724560960631	0.017103686181740248	0.021093921198890236	0.9509551470097631
321DEF59FC	57	0.007136056961931415	0.8293550507037306	0.16162296089014533	0.0018859314441925373
321DEF59FC	58	0.028926335991247307	0.5110986104984715	0.4360925230979476	0.023882530412333493
321DEF59FC	59	0.6776580743977992	0.09947380667366784	0.1478550267778977	0.07501309215063502
321DEF59FC	60	0.01911855781184145	0.7344111091874865	0.23051478448229706	0.015955548518374923
321DEF59FC	61	0.09350042195493843	0.27280373923884144	0.5740268746958329	0.05966896411038711
321DEF59FC	62	0.026748404352557785	0.6666192413237539	0.30435900805177424	0.0022733462719142688
321DEF59FC	63	0.09939398753632443	0.21325860113812897	0.6753940020045549	0.011953409320991383
321DEF59FC	64	0.6288733960171691	0.20009994341314702	0.1614181690921345	0.009608491477549334
321DEF59FC	65	0.016588652146676222	0.3045860412364516	0.671762072334868	0.007063234282004031
321DEF59FC	66	0.9244748207021836	0.00788538776350815	0.05100091864606779	0.016638872888240428
321DEF59FC	67	0.024201871302685526	0.36507637008178767	0.5082509077043694	0.10247085091115765
321DEF59FC	68	0.6704019130107496	0.10965685244399256	0.11549085770252408	0.10445037684273362
321DEF59FC	69	0.8964654790442145	0.08191953303160686	0.01796337511751977	0.003651612806659075
321DEF59FC	70	0.8348601724275586	0.02307909794755194	0.13567678647032733	0.006383943154562584
321DEF59FC	71	0.14329778291821468	0.7694145524493904	0.08245359954510781	0.004834065087286761
321DEF59FC	72	0.11719098746149115	0.5030610784209253	0.370317110236162	0.009430823881421467
321DEF59FC	73	0.5879315992110752	0.12181709630362257	0.274022082480808	0.016229222004494295
321DEF59FC	74	0.041117155496788606	0.38552487038265787	0.542806004184262	0.03055196993629155
321DEF59FC	75	0.00294088941629051	0.0625383218441932	0.4002245764603021	0.5342962122792141
321DEF59FC	76	0.19364044841376857	0.15549173135877276	0.6351850764347617	0.015682743792696924
321DEF59FC	77	0.01284066383153743	0.3179154393933615	0.6464974215660626	0.022746475209038646
321DEF59FC	78	0.09209331685171308	0.11259482608681579	0.7364388491329635	0.05887300792850753
321DEF59FC	79	0.0028811041644986866	0.34553323278395426	0.6287265225932989	0.02285914045824808
321DEF59FC	80	0.009068643999580147	0.2798586096210199	0.6925999586168494	0.01847278776255046
321DEF59FC	81	0.07056667822940162	0.37460051051151144	0.5414371004031661	0.013395710855920501
