Source Name	Cell ID	archetype 1	archetype 2	archetype 3	archetype 4
321DEF59FC	1	0.02456103033810037	0.5766084667436028	0.1765105203904868	0.22231998252780977
321DEF59FC	2	0.0235088454296048	0.1958079425063536	0.4130030116199087	0.36768020044413285
321DEF59FC	3	0.04204123741335944	0.7356597600047995	0.16765249796973225	0.054646504612109105
321DEF59FC	4	0.7410193223085153	0.0823161731975078	0.15359957285540982	0.02306493163856707
321DEF59FC	5	0.04371824593431799	0.48506646469929177	0.26709489457369	0.20412039479270003
321DEF59FC	6	0.0705389381893766	0.3529676163701978	0.2977281834957295	0.27876526194469636
321DEF59FC	7	0.5286486651870178	0.2861794869447735	0.17822535667657338	0.006946491191635246
321DEF59FC	8	0.04380378634637168	0.07723011567839176	0.2195455594952312	0.6594205384800054
321DEF59FC	9	0.8631483526187381	0.030581169202181603	0.10056317320124876	0.005707304977831648
321DEF59FC	10	0.5421949918130464	0.25351346958769044	0.15001124789866485	0.05428029070059842
321DEF59FC	11	0.5497827017570903	0.18667638752942092	0.25671424393002185	0.006826666783466847
321DEF59FC	12	0.9319477828271633	0.0042758164762376726	0.06194881700181804	0.0018275836947805246
321DEF59FC	13	0.8254070379473645	0.07338728001408909	0.09230960151053769	0.008896080528008558
321DEF59FC	14	0.13204944023850707	0.6688682581549942	0.17795764907808231	0.02112465252841659
321DEF59FC	15	0.3999975776030541	0.4572294549375	0.09136460169058767	0.05140836576885817
321DEF59FC	16	0.7013363028043503	0.05568963912608658	0.1793516520597122	0.06362240600985082
321DEF59FC	17	0.2701430206144418	0.3020490526045573	0.37284306504770554	0.054964861733295574
321DEF59FC	18	0.557319846086059	0.1922167701747728	0.16365392408293108	0.08680945965623733
321DEF59FC	19	0.1630232974383108	0.525167288066086	0.29196991027685154	0.019839504218751518
321DEF59FC	20	0.0926688897534131	0.7024292707057027	0.17218213085693448	0.03271970868394958
321DEF59FC	21	0.00929940230408626	0.7172330315953249	0.18703894690326822	0.08642861919732066
321DEF59FC	22	0.9683383856895001	0.00853099429280297	0.021777638376073095	0.001352981641623857
321DEF59FC	23	0.32183029767584964	0.3102203387553822	0.29608246322197035	0.0718669003467977
321DEF59FC	24	0.02164610241359504	0.6474405535531564	0.16509336507352002	0.16581997895972841
321DEF59FC	25	0.07428155131819722	0.22999465876153985	0.5778981095152966	0.11782568040496601
321DEF59FC	26	0.13704952529749356	0.5081665335646327	0.13197788044809014	0.22280606068978348
321DEF59FC	27	0.7818610062921361	0.025151360815666986	0.18448800737459328	0.008499625517603703
321DEF59FC	28	0.6761392014195795	0.0930865232711779	0.13328013187048735	0.09749414343875498
321DEF59FC	29	0.02280051975086592	0.5075003682011476	0.17272947583266285	0.2969696362153238
321DEF59FC	30	0.22912566279971563	0.37474311481163264	0.15150186009749814	0.2446293622911538
321DEF59FC	31	0.5055491456914492	0.20339102615758942	0.2846935660079821	0.006366262142979514
321DEF59FC	32	0.11887330138107324	0.5363284986053569	0.2943221483822166	0.05047605163135331
321DEF59FC	33	0.312891768442446	0.14234875584119552	0.4671252460984648	0.07763422961789404
321DEF59FC	34	0.4659006671123695	0.1246972567238015	0.39288431189948064	0.01651776426434855
321DEF59FC	35	0.1725007624845957	0.3741469509330038	0.22535737111528345	0.22799491546711723
321DEF59FC	36	0.48165499815436685	0.3768616295874673	0.12843620714855436	0.013047165109611868
321DEF59FC	37	0.7051356797945164	0.02549324924801521	0.2645609637263823	0.004810107231086229
321DEF59FC	38	0.0804697625066305	0.6299635000261498	0.2117296474020423	0.07783709006517756
321DEF59FC	39	0.17407349480518586	0.31062302354501314	0.45264784980848205	0.06265563184131866
321DEF59FC	40	0.3232806027797097	0.28307774850610196	0.349697692529565	0.04394395618462311
321DEF59FC	41	0.7026006967240859	0.09192047831703896	0.13751661501111537	0.06796220994776
321DEF59FC	42	0.10509267128814405	0.6979430060137269	0.16361536087903403	0.03334896181909534
321DEF59FC	43	0.06387868618971784	0.18496495848234168	0.6763398772142379	0.07481647811370266
321DEF59FC	44	0.6228769543421275	0.05434962245578798	0.3046492216233181	0.018124201578766562
321DEF59FC	45	0.30334068930418195	0.36535951953544504	0.25799622431313396	0.07330356684723892
321DEF59FC	46	0.03655295927808717	0.5456192941274725	0.22404213132599782	0.1937856152684425
321DEF59FC	47	0.2907528675469354	0.3164535788256392	0.3770659626792982	0.01572759094812726
321DEF59FC	48	0.02009201643662841	0.5234124224473773	0.42815301467256084	0.028342546443433488
321DEF59FC	49	0.10318970308388564	0.5735726206507089	0.1936677939722835	0.12956988229312208
321DEF59FC	50	0.050132279635924884	0.26383969868500234	0.1825045619759658	0.503523459703107
321DEF59FC	51	0.24810095297724882	0.2852432730080314	0.37321308861230945	0.09344268540241052
321DEF59FC	52	0.5327836930726495	0.18548217758697438	0.20717240053241226	0.07456172880796404
321DEF59FC	53	0.17364481955428449	0.18695999286900178	0.21872379062261757	0.42067139695409644
321DEF59FC	54	0.04148853678978136	0.47080585911312195	0.34854542649101533	0.13916017760608113
321DEF59FC	55	0.13807853816992535	0.450435542959033	0.3324496233749928	0.07903629549604901
321DEF59FC	56	0.14002010028403453	0.549826465469696	0.19978965917006164	0.11036377507620798
321DEF59FC	57	0.16329984754539237	0.6368093461373553	0.16827689234371473	0.031613913973537314
321DEF59FC	58	0.46853448734850023	0.13346279774401965	0.24303957368816448	0.15496314121931573
321DEF59FC	59	0.033180487129087055	0.5713302841330711	0.23420561917906482	0.16128360955877696
321DEF59FC	60	0.013777552621067465	0.69467919468155	0.20988053159692494	0.08166272110045764
321DEF59FC	61	0.08647877967950922	0.4713061947105215	0.12770793811330175	0.31450708749666767
321DEF59FC	62	0.09316323975939989	0.5545835105695406	0.2053602553311531	0.1468929943399069
321DEF59FC	63	0.07905159221783623	0.6025945611380025	0.2973807744155759	0.02097307222858554
321DEF59FC	64	0.28998110569534274	0.4125348156215028	0.22972795001306195	0.0677561286700925
321DEF59FC	65	0.25380379940358055	0.20996062899526352	0.2723836620579573	0.26385190954319837
321DEF59FC	66	0.9403251336335968	0.00534017569052667	0.04605381393755797	0.008280876738318847
321DEF59FC	67	0.07415374866538675	0.4523371696082452	0.22301375029648682	0.250495331429881
321DEF59FC	68	0.08517155389281826	0.6140146145030652	0.26009462997237975	0.040719201631736784
321DEF59FC	69	0.21819555272659297	0.5226095289347867	0.15240861041215195	0.10678630792646852
321DEF59FC	70	0.6699433021587871	0.0818425092503776	0.13251114856186846	0.11570304002896674
321DEF59FC	71	0.007903410514843591	0.769643847321499	0.15861340299995202	0.06383933916370532
321DEF59FC	72	0.0480059829135574	0.5391569029299486	0.13691258970429837	0.27592452445219606
321DEF59FC	73	0.024356395809889304	0.7219325113452901	0.14565030155275702	0.1080607912920637
321DEF59FC	74	0.05833361159762873	0.6321262891000302	0.22311640238672104	0.08642369691562013
321DEF59FC	75	0.038641992723521895	0.37045204470121235	0.16138347637050712	0.4295224862047584
321DEF59FC	76	0.5546955266053127	0.14791889500751637	0.19938942690665895	0.09799615148051216
321DEF59FC	77	0.014413829125401543	0.28439714528375215	0.3032637061463759	0.39792531944447046
321DEF59FC	78	0.13399574829800465	0.05829682373866138	0.3569857671708493	0.4507216607924845
321DEF59FC	79	0.007030689219941057	0.17510475849554374	0.17491033002656975	0.6429542222579455
321DEF59FC	80	0.015502001667705854	0.19693134948198	0.20072551734179905	0.5868411315085148
321DEF59FC	81	0.02067961640501842	0.08085337861233396	0.2882528456423273	0.6102141593403203
