Source Name	Cell ID	PC 1	PC 2	PC 3	PC 4	PC 5	PC 6	PC 7	PC 8	PC 9	PC 10	PC 11	PC 12	PC 13	PC 14	PC 15	PC 16	PC 17	PC 18	PC 19	PC 20
32FF7CB088	1	-2.5611811150033024	-1.6506444360752894	0.009679564274118535	3.760947361959466	-0.6067038539279348	-2.4741612892140052	-0.8198608551130993	-1.0099430156229243	-1.0717178384529924	-0.2292156423689462	-0.7946798137968589	-0.7661505087161089	-1.66514490140646	-1.1648488633000997	0.17822869701001087	-0.5075135958093484	0.09762823436906598	0.3809859473286219	0.22997302427970356	-0.06417656515469394
32FF7CB088	2	-1.297842200796998	-1.5208518128594086	3.187692434171992	-2.9491259360640965	-2.2164605315228085	-0.7531233090851144	-1.127314779283847	0.5010363070558224	-0.3360364021049862	0.8210255104417705	-0.1487262057471359	0.3275253207019926	-1.1824208402818106	0.379665526141282	-0.34711227552798585	-0.19596779683262122	0.3693179258746089	0.16570657153317492	-0.05912035176203401	0.021799776016840244
32FF7CB088	3	-1.5245399840464755	-2.4021847919350385	0.1253794596927158	-1.5822258134663447	-1.3427697258121813	-2.511372658325061	-0.16531153504473695	-1.2348500576999275	-2.4646102468318163	-0.36280723059530184	-0.5573275162154847	-0.9581468737116872	0.43105844976761193	0.8505849788759978	0.16403059209563642	0.3245551694753366	0.15995540313860102	0.23635370621127927	0.3233459148826714	0.1318023251479148
32FF7CB088	4	-5.206128281920067	-0.38514165862160243	-0.28225144621424714	-1.7576690869453384	1.0254627449873237	-0.012567748820205615	-0.5136406620395886	1.0567224681243192	0.1182956686554042	-1.5398157660337766	-0.3334014220200825	0.4146328299163997	-0.3560310729382044	1.6195350633152554	-1.7889241082093066	0.16628747991226822	0.18999576642817328	0.41402021033952985	-0.14060375256747304	-0.23780913195806397
32FF7CB088	5	-5.06240891888727	0.799884059869367	0.9538346922168437	2.4742337343717966	-2.651225494968048	-1.3395911303068315	0.8943838633694798	1.1679429718097463	-1.259526982092153	0.7917392869549353	0.8603321819136791	-1.2417596003243112	0.7674714044256989	-0.36703791210084336	-0.6055628201911376	0.791047131255469	0.4351756937124851	0.14686775692896625	-0.36413669857448494	0.15166544440902507
32FF7CB088	6	-2.8378473427473683	-0.8226528085795514	-1.7518523759431524	1.3718080872523077	-3.1178622765666466	-3.203985058506791	-1.43021984409889	-0.03706990948163846	0.2566445432275777	1.3828441783349696	-0.3770105849428387	-0.6497440284137532	-2.305146397110054	1.1437187374423214	0.7502616873654318	-0.11044284478387789	-0.08380794773149591	0.160678717421874	-0.27604136870475426	0.09555609250898067
32FF7CB088	7	0.567493763836884	0.2054584932125182	0.8765513535708778	4.469532793392904	-2.0698568274587528	-2.6116114107134	-0.2462886131148001	-1.5605114184660362	0.8073283096377657	-1.0807844336772277	-0.8845880424016788	0.38735457946729746	-1.3908748297991733	-0.4237750473903208	-0.6003722382749879	-0.9573406295942157	0.22735873359879588	0.4323375576673849	-0.09004818799122316	-0.17851177995038148
32FF7CB088	8	-5.392019945286387	1.3669521170421426	2.0950169406721413	1.016022045481456	-0.9356883142992334	-1.9417349299805222	-0.3889340561402226	0.6370014509555719	-0.24571545690860797	-0.9575483514688237	0.16284656563936184	-1.1553263000109233	-0.34060957012311716	0.7755973669824858	-2.017453245496528	0.2506889389216247	0.014449036440482788	0.2666787799089223	-0.12776420044462822	-0.28750748535199255
32FF7CB088	9	-3.8201531372705464	0.673035669362129	1.765617359550869	2.4445807627460634	-2.7272771967658285	-1.1105410058821752	0.621536526102417	0.4915967979197535	0.16691586417133442	0.04071497370344024	0.9053927659864651	-0.055116210994228254	-0.43677878795180175	0.3042144043220507	-0.5795628513483941	0.4113232465436183	0.23627215843764415	-0.023905978386277615	-0.16459854955517028	-0.4171821984850559
32FF7CB088	10	-4.170517006265376	-2.025058386510956	-1.1013840619089528	4.114090536487954	-2.1998861911135767	-2.054810344358745	-1.6184432775878652	-0.09944310000565548	-0.373306550964307	-0.2066782032370582	-1.6843103144446243	0.5787524016675025	-1.6024077710422302	1.4830142906870531	-0.6412594756400289	-0.2792549128667461	0.27895184715598487	0.2161774233279561	0.047467947009929956	0.464116154434278
32FF7CB088	11	-2.6234500675238603	-1.607108039107235	-0.7593330261629319	-1.170856530369385	-1.2296569515907894	-0.8695428638035585	1.1050539237614987	1.1273689386560715	-1.5933221040420436	0.09683613789688583	1.4553086374278148	1.4180987702381405	-1.4885939859605057	0.34910570798161555	1.0077721208118162	0.6250796069730042	0.3623358107129715	0.1569178087706471	0.15447747681513735	0.16002704219947228
32FF7CB088	12	-1.0603802159875697	1.8346912004007123	-1.1742751042816983	-0.6835983714070974	-3.2690960021765454	-1.3788687408574374	-0.07113154350381778	-0.23942963334377265	-0.5848170248563407	0.42362382768606044	-0.5828914394435512	0.3403614087922726	0.3556066376944644	0.014293124601033158	0.11177764911905319	0.06566403759500394	-0.4955662947638604	-0.2091014494763639	0.1272506564684075	0.298327827140183
32FF7CB088	13	-1.893857976664526	4.9528979491237735	-2.827774583506078	-0.9542481312109676	-0.22071494710221518	0.20074005172681897	0.5759054683141147	-0.5475035846621428	0.16786743389360614	-0.9056809290925159	0.7704416422972347	-0.6034566623098314	-0.03898401776107702	0.6660635512271089	0.07184355167987944	-0.3446019655254404	0.3077795444255085	0.06612923693174388	0.15058435575079687	-0.28160666957891456
32FF7CB088	14	-0.984779325493742	0.4192127278595771	0.9923176266759193	-4.168157428534414	-1.0671088080593865	-2.830810923212197	0.9732020780087924	0.5018678336664226	-1.263621099152021	0.32870406759065607	0.8138946862935217	0.20191117113871826	0.038829265005784375	0.2583556992545273	-0.14922221634157973	0.6788651780214408	0.674595484635373	0.04056465205444959	0.15831167855995676	-0.04559880516231862
32FF7CB088	15	-1.3455623188596901	-2.1524923629723247	-5.040577418543557	1.3875858299751154	0.5067757428743473	-1.770084258654804	-0.10201627186454987	0.6604856491314475	0.5159735539241352	0.3283331495349586	0.04960001703353245	0.6391121010721665	-0.35399851934425525	1.1174372569249276	0.3767540416291246	-0.12025669412813977	-0.07178434827322522	0.18012629849322104	-0.21207479148350328	0.5920648984464649
32FF7CB088	16	-4.247755849314464	-3.493300508678466	2.1922064706222306	1.4219783707614009	-3.884916732665789	-2.2701891069283517	-1.6794578398319122	1.3508927833755766	-0.3041184945166884	1.276823327737641	-0.4478089227935034	-0.009922564687995461	-1.0467885108160926	1.4094181209815002	-0.28597870381513824	0.6448590495969362	0.07505422343108603	0.4975342071299631	0.32918184410927753	-0.2243741857058672
32FF7CB088	17	-3.1053866973558595	1.6089879427297795	-4.604235893147224	-0.3980165758633274	9.449877937339757e-05	-0.8657118180113583	-0.6308871994523249	0.5395655987754349	-0.6847183013354425	0.5466168287827948	0.06097512475941147	-0.7564893972744358	0.07422682126030739	0.6830329560506396	0.6130150011901825	0.41771800155093564	-0.314324385981229	-0.021805773995911215	0.20573829796040033	-0.005496120864465492
32FF7CB088	18	-4.345634893534063	0.6407566725696264	5.1106602632398745	-0.48945463035834935	-2.022201774387674	-2.3011038705718354	-0.7702533651261239	1.2423103590131805	-0.18023748989265664	0.6097445027671704	0.10387486755162345	-0.5981159697705323	-0.49952070428002654	0.6180043822424548	-1.1320618867164982	0.6231059406561434	-0.3720210830899251	0.20298848300731742	0.01833410432799698	-0.4630307049667315
32FF7CB088	19	-3.7836163020690368	-0.8957191085251742	2.1680004376920143	1.3045521489459868	-3.07402800076214	-3.71471187824461	-2.0254724103163473	-0.041549726000675635	0.24632564880053343	0.2508921139844482	-0.48354171208264884	-1.6104225842221496	-1.8324743517144915	0.557291569124865	-0.8998139600310346	0.036687109104698745	-0.18405941089594324	0.6197803335253058	0.2385462393863793	-0.822884823294634
32FF7CB088	20	-2.148906940186551	4.296935206948419	4.036911652506286	0.2857147024881814	-1.524893465526097	-0.48805905545968553	0.4692931240907856	-0.9476232115792993	0.15511235530057155	-0.7016053852930184	0.23457550405510363	0.3342007662612758	-0.8167722814677025	0.017983763913318684	-0.05361748154811119	-0.5395095137359847	0.12625119934179563	-0.1482496868682721	-0.2877809764514698	0.412400833910207
32FF7CB088	21	0.2016380618296567	4.820131161136381	3.5329871851024093	0.8974198713605648	0.28797377692702253	0.8019942729971072	1.2850011356406728	0.8675628974585432	0.006437397286455759	0.36083412393655157	0.9285513638196068	0.9318348460010988	0.30780947693333277	0.5143433286084627	0.943485742486478	0.3419230085342462	0.3703915950822332	0.0270754898124681	-0.05019936346068943	0.028820985539012245
32FF7CB088	22	-4.788763589361791	-2.2660239687745936	2.1888399066649624	1.7104818136613278	0.3015745631129907	-2.107944776066886	-1.823857845807574	3.250959321575741	0.8837423491925072	1.5728175473745403	-2.1144972398862487	1.956850327330642	-1.3183277491062133	0.21086134696890935	-1.2007216077989455	0.4379089774721918	0.45897071409135504	0.46749450625442557	-0.5587751655178945	-0.19629256002323592
32FF7CB088	23	-4.862369980578746	3.119623056206869	1.1885641363524535	-2.05802347553496	-1.2145506182703147	-0.49911205013116966	0.07652052403569298	1.6225209647822136	0.6171333134325123	0.6526511911701747	1.2619163684032475	-0.10577748336635473	-1.1011124158169918	-0.5460312529119544	-0.1483072727931991	0.36224900058744813	-0.06726898230118183	0.1655164416718906	0.2583189268808883	-0.7585025175054709
32FF7CB088	24	-2.787683995839382	-2.095879744329224	3.1170211875860536	-1.961902912276948	-2.92277966968357	-0.829052970129946	-0.025417937476625685	-0.05469750977698706	-1.8158795922213167	0.5905480961828744	0.46692518339832634	-0.22662177448018994	-0.4966400359629189	0.26498154723866674	0.5128501130199417	0.6807274412290574	0.07886990835603425	0.04074434007948846	0.23395135542675294	-0.17463762929495408
32FF7CB088	25	-0.588375570011378	5.582118489269167	0.41072081218724255	-0.567483021833127	-0.8753726517736513	-0.3912909920441363	0.918625502915368	-0.5168666901002059	0.09128859909620379	-0.009769891714033418	0.028141153150534448	-0.04822977375881621	0.38611418426669547	-0.7572333215291305	0.31983164034402156	-0.7107341944893464	0.9325217389849041	0.09850517664602187	-0.6019575405992879	0.0731544183437749
32FF7CB088	26	2.0275017112980027	-3.304357950326775	0.9187981813900763	-2.257980157769403	-3.2594786437449477	-2.049942396917742	0.17155831061604543	0.6929345751787703	-1.1054611462611974	1.4965833587921822	0.7993466221483263	-0.003980527938711731	0.06737658222649062	0.5433314490277585	0.9930486185064722	0.6047857440600679	0.3345709516194735	0.6811096391181766	0.07028543373255647	0.3959920991745407
32FF7CB088	27	-2.375812282772566	-2.4910793001236726	4.142165578552659	2.476870110894168	-2.0163623217957634	-1.5395289088189186	-1.075293051471061	-1.0274599790193275	0.22119436689470495	1.2339768351350202	-1.436641038373421	-0.3646148610946014	0.930071690922148	0.37231282336966953	1.0986989429024958	-0.20825484111355985	-0.19063122917196895	0.23028612252933223	-0.13152670285693913	-0.008805480735586624
32FF7CB088	28	-1.7232922623069682	-1.0038478830817752	-4.615651734985641	1.8538066297439708	-1.2576389400979753	-1.3639229380458557	0.039748877812285865	-0.46338788950913323	-0.10086353356078925	-1.0755649395365452	-1.3927827583766483	0.4427671603663246	0.6015646626993105	-1.2637224691344524	-1.0759422154922889	-0.023950235027760503	-0.6374252313368867	-0.03639688957760234	-0.21232025378389463	-0.2523553003438521
32FF7CB088	29	-0.8142650788380676	2.8493495150868604	3.3202618668946746	-5.507265378447663	0.8346640804840793	-3.2148976449632007	-0.563383787237552	2.1032805899429077	0.09066690763848717	1.2335805756249762	-0.596211659298459	0.5031973070007467	0.8779976138238832	1.2970136929259202	0.17720803427877518	0.5075776869616866	0.43840653589677214	1.074052635397248	-0.2480007045627748	-0.022813878028431045
32FF7CB088	30	2.684944083117548	1.5478086695656685	1.7060931652123295	2.6820756977021634	-0.580102655328729	-1.7286959374153552	-0.6516226443807409	-1.004651958446048	-0.01841619068015854	-1.0392557865298684	-1.4990106705699067	0.24707648204133648	-0.03987822421251136	0.7027144561597727	-1.2885538380146593	-0.6419108590172606	-0.2972762882517148	0.14466292259749403	-0.2435394029667688	0.46910484030159205
32FF7CB088	31	-3.555273795425874	3.4837101854912333	1.266082359017495	-0.04805305275624194	-2.485337103866356	-1.573025834838151	1.4043729348561942	0.9484304060600361	-1.5461274540553078	0.4392094527182906	1.4500364777743389	0.006057860248503744	0.497920544677701	1.0685251121375654	0.7139567929598072	1.377547746123971	0.11294085636986151	-0.23038614940065805	0.6905526443318155	-0.4872043787265681
32FF7CB088	32	-3.3407704670443668	1.2704629748225784	-1.1853028442979727	1.1273352529422378	-0.6753414334080421	-2.0512345977800726	0.2969558644275554	-0.44416206973689865	-0.0689527080508392	-0.17910853790592962	-0.3506872288574716	0.45370920430110395	-0.35686709683432466	0.23298797099080315	0.3737886891843387	0.07546088875146983	-0.3306896210115855	-0.2257905031175118	0.07468601491551641	0.05957461039652623
32FF7CB088	33	-0.03440174833315823	2.1946207277843186	-0.45527671059951724	-5.566941961111624	-1.8074037633765545	-2.4307575803822585	-0.7917086425252653	-0.6710680142064664	-1.0088999140782193	-0.032957137340350995	-1.8333039500551263	-0.5753514802412276	0.8438827819972767	-1.456185475642832	-0.7900204169897962	-0.09492946261455382	0.2372696334788611	0.3441544748897203	-0.20113981815634685	-0.24533273228502273
32FF7CB088	34	-0.34538243323673457	-3.3356496033067913	6.423610792466227	-1.0769052048101107	-2.3685990472870477	0.3812844809363556	-1.7794602408674831	-0.277177372200325	-0.9462606848296091	0.2486587863321319	-0.5021642799913348	0.16915656295280534	-1.3582656228312435	0.2530209161466932	-0.3973115582981728	-0.035124502753332454	0.09114793427038603	-0.142277136721624	0.055100727270039895	0.04880530751466816
32FF7CB088	35	1.0537496829852964	0.2754603110294661	-2.7508470239975518	-1.538915022278108	-1.0113525627292812	-1.697918586521829	-0.8952921141107706	-0.4061870909638625	1.184309788844279	0.5476772796889613	-1.2933891880200232	0.5026594453143698	-0.38088607071322383	-1.777543707652298	0.025210534550603736	-0.5473034617491437	-0.24933444873652522	0.006693229310009707	-0.17176496708079836	-0.4672557014842673
32FF7CB088	36	3.6075825091882496	-2.0909277974019567	-0.9509391656113741	-0.4960789874858631	-3.134914982478718	-2.635644323476771	-0.6896472803439271	-0.28897304318012584	0.11387630126114479	1.7503360273418445	0.8204043104757186	-2.328820299197851	0.34538319807168366	0.17028388789467042	0.16317056537535768	-0.05892158045376883	-0.27347093737401695	0.37734786198036496	-0.05205973899919525	0.3658189780082055
32FF7CB088	37	1.839490640269753	-0.007101389683587089	-0.8402152566235024	-1.7434932984478135	-0.8223097778904485	-1.3892431233061258	-0.4521891149383248	0.19562557261716296	0.5977797145558994	0.26544165244712237	-0.03117239957112372	0.40844878197705725	-0.6039784550683469	-0.5089581771118101	-0.7566917669506119	-0.35251934062821855	0.151131807466933	-0.3570053907986581	-0.3984743824623902	0.173134031162411
32FF7CB088	38	2.184536129349082	-4.077050686913765	2.9274977974125447	-0.96566997020479	-2.2582561263917773	-1.1946456565811436	-0.3068365304544405	-2.282336123733004	-1.9405732744349629	0.9451320635181759	-0.38253687148606486	-1.6956433432467328	0.9990902470943512	0.2881239163000633	1.6463785040659267	0.07538770540335227	-0.16172709890474724	0.13059487864554264	-0.06440416330668453	0.4688752303261645
32FF7CB088	39	1.9183838668887974	1.9278577725757273	-3.640301877574797	-1.506637748029068	-1.4460152569183673	-0.6322484701887694	-0.115498598180793	1.9197810012801948	-1.3054572778206208	0.3494759390385298	1.0709911683118338	-0.4095188306206019	1.002087147698486	-0.1658631970418749	-1.3547672796953365	0.8057687850915847	-0.18013967598756753	-0.09541846019692435	0.6471206468746604	0.19252929067044144
32FF7CB088	40	-2.933458062875763	-3.830901579355608	5.656409261787856	-3.0294011206317575	0.01175398999804611	-1.2447955318507864	-0.3528093853054419	-0.349457521336878	0.8576059556344062	-1.011035577301883	-0.0024933935491138204	0.5473120346799352	-1.069900201153487	-0.20087004326256763	-1.120656254588218	-0.5119019740508493	-0.33892040658008216	0.30063519733576194	0.2690429398682237	-0.28660753392713323
32FF7CB088	41	0.6586030248978838	2.854550450101179	1.7868851323248862	-3.9831404779722246	-1.3525730891891878	-3.72687820515658	-0.5356555235353722	1.5974639417281071	-0.08561796330269766	1.1402800220156124	-0.4320271366681585	1.0757897216847123	-0.21010549224416036	0.541244791434264	-0.5483862917958136	0.42096327769273634	0.7641283113262507	0.18090593493805707	-0.1541426628894247	0.3664908736127708
32FF7CB088	42	4.10120417857617	2.014857677408113	-4.2413898448291905	-2.827902114325138	-1.1874807379707366	-1.8846397376901818	-1.7994975337709609	2.0911862847282405	0.38025538833761763	1.8938724021091666	-0.016625409374254163	-0.041313559414176027	-0.22783255137126784	0.3898639162758617	-0.8065467990174917	0.7278141820305506	0.24111837111472423	-0.024492092667170118	0.15746232752718714	0.1686987039306005
32FF7CB088	43	-2.7884140142218055	2.682108023434246	6.576585653245874	0.07383967926897439	-2.7283583892592658	-0.459355409328043	-0.03540481318581401	0.18148360581690315	-0.2515563455960561	1.167269019931257	0.22431191496163794	-0.5973372569231223	0.05979913754812233	-1.7852711646016093	0.10970110729724203	0.3007071381037725	-0.0033681261153002406	-0.16638834113808065	-0.13009488280507608	-0.30815711344140473
32FF7CB088	44	-1.510877588683199	3.8749171715267536	6.213476348820225	3.0215382320132558	-2.156361018619946	0.40561232322552687	0.014477868092899637	0.7440753445533612	-0.6201499586389603	1.1850332935781396	-0.8358358154313887	0.8513846506304681	0.42091674546044205	-1.7064676913392975	0.3286700687060331	0.4511958218598813	0.47807329192599224	-0.0865101397848489	-0.07576920718548874	-0.0203708794461277
32FF7CB088	45	-3.0865826822948694	-1.3235421013796405	0.3350543001083992	3.2692609536724286	-2.108807519036886	-1.9975332251708648	-1.2126749692116694	-1.373842311636943	-1.0559911093933203	-0.4757915023277526	-0.6961963229356283	-0.4836787481901297	-1.4011566047451038	1.7403993295191864	0.402934837431713	-0.32277088719242153	0.3578288131977392	0.3565384970231025	0.3833078158006369	0.07231918520025227
32FF7CB088	46	-2.6137354535729838	1.2151013655345508	7.527125401106221	-0.024122724083515568	-1.6989790941037295	-2.0618341878752835	-0.7900655806973309	0.6933831673588624	-0.13706310248912823	0.8789537931467521	-0.3077565231925743	-0.23670803536141527	-0.18074602183476768	-0.772053086799114	-0.6363642162616068	0.2844572096463245	-0.08364622020719525	0.1705057455433876	0.010463438261388402	-0.1704355317846633
32FF7CB088	47	-1.2393032038296197	0.11163537890969633	1.8537997980301413	4.116637176182657	1.4808491992018429	1.9285359112963159	-0.24893054250680224	-0.8710085806162173	1.2542909491070389	-1.2853786474537514	-1.344718633517972	0.5551367010917421	0.8302580947158662	-0.14980151224165428	-0.8055848173462175	-0.3386820115931166	-0.5185670515864824	-0.20490805323110783	-0.12475301411213136	0.2514016500048428
32FF7CB088	48	-1.6517376101915444	-4.220903217508091	3.6853480360692528	0.45818895337812604	-0.6461334222054329	-0.9479826422009543	-1.5410023736517044	-0.500956010294485	-0.6969447557245645	0.32506939445948935	-1.204153357181551	-1.0783875672527437	1.6234450925354589	0.7890070625900247	0.04150973246024625	-0.033439948110365325	-0.17405918420561295	0.5735278912642949	0.32221342558065547	-0.0963102819495858
32FF7CB088	49	-0.14489705784425255	-1.9293795395866447	-2.097184155316154	1.150696861568139	-1.6325007177368416	-2.091230425350733	-0.295430043013337	0.23329952326005343	-0.7662470812952891	0.10946968772869714	-0.5418853241165895	0.20417676928830808	0.3073567264299088	-0.5922814600547059	0.2811187481708859	0.21937833607107882	-0.7180936619146852	0.3744808796102286	0.3656294579840089	-0.2902407243671248
32FF7CB088	50	-2.857282821918014	2.436880279024752	2.564141192708294	1.1753137325442498	-1.5488376308574192	-0.92718050527247	-0.2396818614219467	2.227303161130414	0.2556025316241963	0.32060183514946705	0.06975190611524229	1.077153522082913	0.8387313411503536	1.713238862316641	-0.9323499345803463	0.6884101293813685	0.5138609333747912	0.5062462563194432	0.47673996597999024	-0.2817562409186798
32FF7CB088	51	0.19550706656355188	-3.0431388068354437	-4.454408057489265	1.0264984497656644	1.0711532609731098	-0.6218042962993016	-0.8016542779593263	-0.7355271940150463	-0.008999498504130177	-0.2615699804988523	-1.4093787768115231	0.3056024399034918	-0.5029623918579593	-1.162687171205479	-0.05805496829475709	-0.6044655591993959	-0.4758953571187827	-0.1151402503036818	0.16162499236676342	0.19627337275844647
32FF7CB088	52	1.2611931293076795	-2.3694025331796595	6.329550866713503	-0.9581893506637731	-0.5247618103685443	-1.8171065588999644	-0.8379228433362802	0.5237038361448352	-0.59300050475631	2.4105411040815907	0.2533417277377257	-1.2942066485814898	0.4392685470739261	-0.10834152020846832	0.5094115544248079	-0.12285527518687767	0.208728139350993	0.23962146657034844	-0.11466225393116614	0.6117571778611208
32FF7CB088	53	3.6146114542425654	0.4641489260150494	-1.7140259941833456	-0.2421331818821817	-3.812463866680363	0.009425687102347702	-2.6693256205419655	1.1823176395805415	-0.6416111530217976	1.8488193573922402	-0.9814107673472006	-0.7996932253340745	-0.2465110365312631	-0.4272047683665494	-0.9627889388105779	-0.15940960775967605	0.5907045330421117	0.4061705729738423	0.0038205258300318956	0.3001935673194951
32FF7CB088	54	0.8463518053856569	-1.1295753314449257	3.3028232035206875	-1.1271090338490315	-2.8432914530103615	-1.300805425191398	0.5008444733331632	0.0379261239138049	-0.8129635319796784	0.3208485588266001	-0.27913489015673787	0.919135973814889	-0.24386398520237035	-0.8200233569680566	-0.5208228795339971	0.37157744218227995	0.43511069187023677	-0.21543603569493874	-0.22895039447497578	-0.03363616182020257
32FF7CB088	55	-2.1073268949310258	-2.6706717999064153	7.025240464465731	-2.934630721223361	-0.6346163008707986	-1.7113056163104394	-0.7363908357167266	1.232845827348721	0.5916105733230537	0.4360601856320685	-0.3979881484841681	0.7393046738133364	0.4219497104799112	0.32875365543331125	-1.0204570706082507	-0.20712085956952686	0.06282995605596509	0.7148727695378485	-0.0077749112417653254	0.23208832678434854
32FF7CB088	56	0.05607938938748247	-3.46420354645079	-2.6814163790401837	-0.027190247326583705	-4.097586042196034	-1.6838658586142712	-0.26312136196251545	1.8895422683606273	-1.0339545595051356	0.6486724493098877	1.2745309060776673	-0.09859870315852781	-0.03143130040118419	0.7322172450680224	-0.3824851720787934	0.8813693979753459	0.6849354729342363	1.036518221146448	0.4856233470404756	0.10229283143483991
32FF7CB088	57	1.2501507672044967	3.4928088669706803	-1.7045158216968879	0.1935973761531531	-1.6445682871272485	-2.4082054400937194	-0.57155699132672	-0.006912891016772393	0.6546294242351407	0.11043533717808107	-1.2674035390928158	0.6917540448815735	0.15945457841198535	-0.04547359720307642	-0.6080165252858643	-0.417213860330778	-0.2397638793672161	0.14124791143974513	0.22963138461884003	-0.18935596088879825
32FF7CB088	58	1.5954677846056293	4.174787822403044	-0.08941523007892438	-0.8298795570030291	0.03345850794643579	-0.6881311707259448	1.226287690479054	-0.6042051243177238	0.6949464191260311	-1.0613040957883022	-0.8730321464281812	0.7825774837095381	1.4264539970222183	-0.4895540345431211	-0.4727803297736828	-0.3515067279899733	0.27809066277450367	0.2187934468256716	-0.756406926647885	-0.4491695911776836
32FF7CB088	59	0.4662305895512959	-4.514158258424949	-3.508724546852936	0.11293246937781332	0.05509591146948378	-1.022890529289458	-0.04533365141107071	0.7260482244198652	0.17208573843581965	-0.11078570647179897	-0.6558406204414962	1.3996357080309725	0.9530033362713619	1.0912292599535551	0.17173685244419223	0.3514783112254576	0.06469210710362217	0.47382942274477835	-0.08903781827388113	0.04666577572112951
32FF7CB088	60	-1.059364776626799	-2.520939744997989	6.915512060632586	1.6182841341970788	-0.06459981136914439	-0.2553682425180055	-0.24714552592912797	0.29429524638971105	0.24778449640133138	0.23775785830564478	-0.7244392916677296	1.2786887475400714	1.0945346576376347	0.38678250562847905	0.46305184227715435	0.474096104284063	-0.4411432709326799	0.06262424285957757	0.16160342966822117	-0.09925733973010997
32FF7CB088	61	-0.8717329718361049	-4.401666147418709	-2.449269355441822	1.3916040401968348	-0.8167119004357939	0.2748362912072091	1.2202670049972215	0.16326091364392314	0.4444789813852572	0.2129306643591662	0.565238575994196	0.5110986731786138	1.2995986391046517	-0.3349598132019682	0.45240246283821994	0.02988866143036395	0.010439898327182506	-0.015313197532652145	-0.4628175095026432	0.24734621917213895
32FF7CB088	62	0.8639419680446367	-0.7053770662530602	0.08211319731035904	1.3540463694500455	0.8422223481363187	1.3811484746638003	0.5630316390708141	1.1314943783301838	-0.3419863919042343	0.10918545439936556	0.6366576629403891	-0.40337262628530013	2.096219272455528	0.9394134423993787	-0.48552721997541193	0.6584100341662533	-0.42918211987276567	0.047503061675026936	0.2940266681408825	-0.03137386094501826
32FF7CB088	63	0.8469162184969237	3.6112387488752873	-0.43538434392780156	0.6988161899651213	-3.3803531818034243	-0.9010269515261689	-1.2650083148571665	0.7939741236215052	0.06114620194917242	0.10213150756910783	-1.201255864313212	0.9759747308812585	-0.16599693370210727	0.13444414094546286	-1.331615499635165	-0.31620895490585577	-0.18122295624341223	0.10411691393771627	0.12173114264923401	0.8715540994233835
32FF7CB088	64	1.0547929417689035	1.2596439713824452	-0.3532048186726271	0.23625490010094152	0.8523505982517581	4.450486342447346	-0.4662349701741424	0.07587092653171612	0.5485099253958707	-0.7543581678339535	1.0360157647305417	-0.932976910002207	0.13724092688023165	0.6752135225368232	-0.6506409171823244	-0.35295669287724474	0.1973677254599917	-0.16515300533898603	-0.2979800707865732	0.17742053366092714
32FF7CB088	65	2.5705918868654916	2.6355004800452946	3.2691189758271113	-0.3977115268824929	-1.1266781197671765	-1.9742904463139501	-0.8462993459455075	0.43017828124077684	1.16295740348446	0.07199734720858264	-0.6981082404616761	-0.035332374320557136	-0.6193733372450401	-0.4684039837158014	-1.5606951889854401	-0.4570876848536565	-0.10992127814745589	0.0821238353808662	-0.8909352198018194	-0.13143959344955425
32FF7CB088	66	2.4529978906041894	-2.7435770349205484	2.7847993197915946	0.427314530006647	-4.072005155906335	-1.5363089413203594	0.1850471597425023	0.6589874386650603	0.611852029345799	0.77438318127071	0.33220705354255986	0.9501818849266375	-0.6172559843019945	-0.30349882621775026	0.13552080767493058	0.3245723314744544	0.17685723940138698	0.3103740367915935	-0.46329482193276417	-0.2589598834060438
32FF7CB088	67	-0.8942782426107334	-5.827992378908494	1.8607297050629044	3.446608948071528	-0.9951497426104072	-0.5165220783518469	-0.6581157199416308	-0.26761918380066274	-0.6137951921806768	0.22794172053667627	-0.31138384557959964	-1.668007598197775	1.4493699888449998	0.09163549492321477	-0.15270913794072394	0.14190287602403862	0.07791859462950979	0.5480993253559137	0.1324035265173069	-0.5209761429967776
32FF7CB088	68	0.713278307054489	-1.9640114903697565	-1.0078126444731417	2.0416495026034513	-0.22997520149585315	-1.0036618644315558	-0.36650388478705453	0.3019661351362355	1.327205924531826	-0.5758722380474779	0.09970885673730012	0.2852048328116794	-0.6193294180610065	-0.2928175626973857	-0.8677379980048614	-0.7689189320009207	-0.44466342158349437	0.3048656499852458	0.041773697875028715	0.0472650045146481
32FF7CB088	69	3.8738132587682035	5.873012106683056	2.2110033777913385	-0.7234656070268781	0.8026460874669017	0.22613411377998194	0.7900243407544703	0.6011462159259391	-1.2011602853571532	0.478551653798273	-0.3214116738860693	0.5273241857460871	1.3568026752511353	0.3964358434208368	1.2306743705110263	0.4661439197713846	0.7905704486999678	0.3791982893559267	0.15191080812909408	-0.47966419978390595
32FF7CB088	70	-1.755214967658498	-1.457218029755193	1.9696413026350676	-0.4441945579617692	3.111389567699903	-0.5211286840506899	0.3819768173739031	0.5491826966992253	0.5522876593654877	-0.45899846361863506	-0.43649528631991186	1.1436101256991495	-0.1075448402953681	-0.2922890666627491	-0.3641821785002137	-0.16886523034802048	0.0002511364997748178	0.07926863580821242	-0.02112886744376863	-0.06926874272061445
32FF7CB088	71	-0.10413897358686897	-2.2559851565793316	1.350862509393756	0.8547821428693072	-1.6060791032007404	-0.5813506457442186	-0.1009107059722365	-0.08447091450427746	-0.09374537312455411	0.26024104282140503	-0.12589212065485111	0.3569244786379393	-0.0027963214523543667	-0.029280798900294114	-0.1289100716167355	-0.4997023878593283	0.4940371911953829	0.31109130899647064	0.1421615795075002	0.09899019348389126
32FF7CB088	72	2.724401752025967	-0.3644906558710551	-4.009316127570188	-1.318495436975454	-0.9027306716500039	0.4537120882720247	-1.567850784701609	1.3234321217936642	0.7688442632992127	0.8733207209646772	-0.2141254824756953	0.38422831302307436	-1.475907792383598	-1.0623176604955435	-0.9419147881862551	-0.19485446012741514	0.393891019153892	-0.11178362887402904	-0.35214710270050387	-0.11008639751359572
32FF7CB088	73	2.8633344807773913	-6.7979577264874	-0.2954626389025783	0.9914358283174702	-0.7880999095733354	0.28774795891712035	-1.3821077060875209	1.9556772845841575	-0.8993631611339681	-0.015358519370594292	1.6927639660041673	-0.8557721558362594	-0.46344670750141487	2.435970210434111	-0.584883631469721	1.0675956715312132	0.43767246550768957	0.730831599689129	0.5598139127693667	-0.3311924625777123
32FF7CB088	74	1.7625689944127367	1.4711549138936562	4.077641876247376	-2.157533116108031	-3.8824859934756217	-3.3455852435877693	1.1970385355032565	0.12364543322462285	-0.3517409621631793	0.6242874417040796	1.6350024529492184	-0.5365956066870208	0.09829719803731168	1.4837004815588177	0.358721085056652	0.38954810347896673	0.147493985774241	0.6205105997161164	-0.1521644938571367	0.12384562725463377
32FF7CB088	75	2.635952778951088	0.8181009158411535	-4.62171468208354	1.7117370998076455	-2.7417223811117877	-0.03873562359657878	-1.6259269078114689	1.4687180900722108	-1.066726477632193	0.7089110113014663	0.3436016837442064	-0.7175546748717743	-1.2058274681908008	-0.2312020395843415	-1.5169707962998396	0.9826385511779825	-0.1886160380381543	-0.44302441396989045	0.08306372326505485	0.16097929125255073
32FF7CB088	76	1.6847839528355857	-2.3489763342919012	4.844786463405309	2.429501700352485	-0.605789544210565	1.1239440043603652	-0.4512355985423082	-0.7336168415135884	-0.24771415534555752	-0.6860576664293496	0.16856278728190577	0.1874748690021999	1.231758912818908	2.219840140990791	0.6870624228908322	0.2774686007914382	-0.2515829183538141	0.26545744560336737	0.4430658329127606	-0.1661051598890757
32FF7CB088	77	3.196077078505665	5.663807898399792	0.21327639329801262	-4.592334192407929	-0.790552553187285	1.1209104013758813	-1.024312307704943	0.3154616706010731	-0.38736295564938894	0.022053978247611683	-0.19631760368725648	-0.3084490923844445	0.6994655337787352	1.0194702711726589	-0.260600626696585	0.060506889240423245	0.3739691164691987	-0.020052259159470287	0.17900471951861863	0.06643146151665258
32FF7CB088	78	4.744645467014253	2.997236860043728	0.14220402259184728	-4.360625572154234	-1.705379191995912	1.001747774452146	-2.556097340342291	1.167964073616974	-0.3924758948507461	1.005039096826738	-1.1226384030591785	-0.16232206654680859	0.535486694720124	0.6621043938335565	-0.6692225564672349	0.2923262240222235	0.22614532173502977	0.21495632469300596	0.010233802950358806	0.19695085465983064
32FF7CB088	79	0.6623279686707002	4.91637624001579	1.5074768186280878	2.6322156464460416	-1.6520605224165859	1.615111112827944	-0.8029654936972617	0.019318086362381193	0.8228325613974028	0.42981208333370735	-0.30301966953446535	-0.11463327592056416	0.278098178216773	0.7771263968818485	-0.0007409976182928268	-0.2057804265328813	0.21622930202261625	-0.03722210181069108	-0.14121531809935672	-0.017240594293743694
32FF7CB088	80	3.0561255070243067	1.5121133735672245	-0.12778946544466474	-0.3305959436874386	-2.5012856075083603	-1.1882766875129525	-2.661275715497276	0.4581587490523755	1.2861605850832176	1.7238668517233393	-1.2133855118235328	-0.5183722243048443	-1.2190352681250258	-0.18584481773129968	-0.7480284586168353	-0.897184013728181	0.4865767346698793	0.2725431911344105	-0.48115119793157146	0.32973869575947967
32FF7CB088	81	-2.299533133666527	-1.0246987353187613	4.001530115506983	0.6462064864318076	1.7986320425274986	2.151727952907387	-0.26880720142446934	1.3181925299581347	-0.3246926476664016	0.35406384615332986	0.08780743957416592	0.09304830543410958	0.8489028934407659	-0.09753604002095417	-0.16963678653371028	0.15815543480232241	0.17729362209817734	0.29433008905571634	0.14026468973598472	0.31509845374673384
32FF7CB088	82	1.0875277326677073	-2.2966412285028497	6.3411069340433555	0.9194582058460123	-4.040845573028498	-1.7103771857240764	-0.766948885937492	-0.9453907504104901	-0.22379884833572783	-0.516930916833563	-0.4135847031341744	-0.3797140247081785	-0.13446524272169907	-0.25634955864507947	-1.4823110516130904	-0.1277057569600033	-0.034234468118856	-0.003954881474665717	-0.12722074750022583	-0.04273981315842468
32FF7CB088	83	3.898124659712911	0.7079477419431833	-1.5449123452501154	1.1169667314230227	-2.1787645465008074	-0.05755567340701173	-1.8767234107328794	2.3395395920386894	-1.3478545800860808	1.5429897907347787	0.3673040848530096	-0.5274500306392866	-1.7571287002227753	0.36845479416280935	-1.532074051161589	0.6767712726734145	0.3735252437616279	-0.18567950522228194	-0.2380808023538361	0.7014405214965884
32FF7CB088	84	2.6337766327324683	-2.9683069947677048	3.974018010611366	0.30472620918686344	-3.9201205649224518	-1.712596002666209	-0.017616449536732137	-0.97719710911536	-0.6759785447227338	-1.4019892454021352	0.5299519662304835	-0.9976915962236284	0.4619857355881118	0.8453233353989955	-1.8599387141121988	0.1348617215807244	-0.2304065751941795	0.31959203611517517	0.18879760681651692	-0.18258901043351505
32FF7CB088	85	3.4010318686929804	-0.9487620487489073	3.797026834206487	0.6111127848962776	-3.8431192937630696	-0.2963313602654436	-1.7598563539599437	-0.18228181391335707	0.8311707763214193	0.2449807327939404	-0.3942096085416449	-0.15328205212139423	-2.2367699750028898	-0.8850829278713863	-0.5879931442838449	-0.2687500314871607	0.004374148940539557	0.042889716273187384	-0.7418326293395066	-0.566845796823555
32FF7CB088	86	2.8312454876513744	-0.5466743315631034	8.669057056434713	0.26801038880324723	-2.1083578796137763	0.027282579990218103	-1.2638502316112512	-0.8109122237862298	-0.12734500284082495	0.45764084020773343	0.17814580780749512	-1.1476155624049085	-0.5189287372103377	-0.45900991462894214	-0.2524989744720334	-0.509091298169237	0.1310226361778366	-0.022238334412605587	-0.7665813169481599	0.3976138187834253
32FF7CB088	87	3.0236697964575914	4.367408043591052	2.729786114232474	-2.7114943944340415	0.5705596387519851	1.4384978507476598	-0.36751168619824215	-0.24728147646512366	-1.0643058351239305	-0.23118000764418478	-0.09861862375304509	-0.3978697349949556	0.3560464527683928	-0.351354525080654	0.4876668586877968	0.4499232367158448	-0.2762640522782174	-0.265407791501193	0.12142419241926805	-0.26409311682225356
32FF7CB088	88	2.446187624081558	1.4852090462011347	6.733275279089546	-3.3379458145167793	1.575695793495073	-0.422266320078136	1.5270513106863919	-0.4908508952894277	-0.36148789116790647	-0.6484507424821018	1.665413234941158	-0.4365223288560891	0.5069528295195023	-0.3688328766665616	0.41635796952085036	0.14908708378610092	-0.13247338189366675	0.06683689664420123	0.16020077620533857	-0.4395373742431352
32FF7CB088	89	2.169288303653234	2.0109818625159726	5.393720582975898	2.164711008849	3.088919264772785	-2.231374939333267	0.7160897151556465	0.442972554310219	-0.43576352525527406	0.1498568899955821	-0.2108912416796873	0.6780110365505365	-0.6162652647713462	-0.406578816460345	0.3182665148243351	-0.09279525001639977	0.28846566819013586	0.32182726371246795	-0.2350162269759306	0.03845427523354639
32FF7CB088	90	4.356943123893421	1.1998901123411763	0.621124402943724	-0.650742518346576	-0.5780624382774764	2.478432326726634	-1.6163613979196296	1.0145236937946425	0.051800926495287225	1.2083613072555146	1.0776686440814547	-0.9100594099382278	-0.7824664246948279	1.0244601115693552	0.4916318549942047	0.02376838921725044	0.3446061338731614	0.06995710232693875	-0.03872177608095595	0.015097756171437826
32FF7CB088	91	3.4029443442621545	3.9097492448532236	5.337084904146383	-1.5645173502870553	-0.5874709030687295	0.91146675109177	-2.3869436468025644	0.35940422625462065	-0.20529244786342682	1.0003798885452213	-0.8228172167110597	-1.255901338599287	0.5129213162959945	0.8342395602631936	-0.056929733335441046	-0.1456321287943383	0.12099280636658105	0.27872413533273765	-0.195804358974063	0.1638087529389325
