Source Name	Cell ID	archetype 1	archetype 2	archetype 3	archetype 4
1648A8CC34	1	0.12561650760819504	0.45216185191873687	0.3173999573115027	0.10482168316156519
1648A8CC34	2	0.23954170108361317	0.34373991898819556	0.2596717434179897	0.1570466365102016
1648A8CC34	3	0.6068554975892724	0.06617196200664507	0.2086741585903499	0.11829838181373269
1648A8CC34	4	0.40021279008597893	0.24954912585831646	0.3127321382317261	0.03750594582397849
1648A8CC34	5	0.00798488440503601	0.8274535484894924	0.1015828042474951	0.06297876285797657
1648A8CC34	6	0.7017789530893878	0.07962971314029091	0.16961918158531136	0.048972152185009984
1648A8CC34	7	0.6535630000237077	0.10675258013102969	0.2282781160019456	0.011406303843316937
1648A8CC34	8	0.5794103818265988	0.12298842280791702	0.1554413850128455	0.14215981035263855
1648A8CC34	9	0.16539881815092927	0.40608234189801606	0.2470406138400569	0.18147822611099784
1648A8CC34	10	0.12025103876633089	0.6115143176712111	0.18115151878519326	0.08708312477726496
1648A8CC34	11	0.14677154371697632	0.11225755712095567	0.24770622998001066	0.49326466918205764
1648A8CC34	12	0.4404936856929652	0.14925081171848656	0.22649898690829962	0.18375651568024864
1648A8CC34	13	0.06755648594137487	0.2230755785044157	0.2210580026748483	0.4883099328793612
1648A8CC34	14	0.425142951265234	0.27383999361895034	0.26110993990944464	0.03990711520637102
1648A8CC34	15	0.7227184523457361	0.10920498147124143	0.1620214626413851	0.006055103541637186
1648A8CC34	16	0.12617444927475607	0.4331051825314413	0.3892033680182818	0.05151700017552066
1648A8CC34	17	0.29816491872928963	0.31621100282200404	0.29986395853381387	0.08576011991489225
1648A8CC34	18	0.0320200212060893	0.6704327537121831	0.2336562436755873	0.06389098140614012
1648A8CC34	19	0.14140812211585163	0.36678091340678803	0.37520911549915714	0.11660184897820328
1648A8CC34	20	0.04887166008870322	0.48921703510022635	0.4282186918132639	0.03369261299780657
1648A8CC34	21	0.8154643972235281	0.07238426393325799	0.09998723151596782	0.012164107327246232
1648A8CC34	22	0.4147003737682585	0.23964995222998156	0.2861754847830854	0.05947418921867471
1648A8CC34	23	0.22783078852723587	0.390743614438683	0.3244709546262099	0.056954642407870806
1648A8CC34	24	0.7412372326017497	0.06659930433847139	0.1621898992270204	0.0299735638327585
1648A8CC34	25	0.3906683658801842	0.3354052610827792	0.24516851865226033	0.028757854384776425
1648A8CC34	26	0.7295515156268884	0.17200832509259317	0.07455729659868192	0.02388286268183623
1648A8CC34	27	0.03895733738738401	0.32744587280303367	0.12466826389852977	0.5089285259110522
1648A8CC34	28	0.1542808285516383	0.14076086268156987	0.268577133526044	0.4363811752407479
1648A8CC34	29	0.06023665058001964	0.3471115800784813	0.21427775637427207	0.3783740129672271
1648A8CC34	30	0.7625153745241342	0.044974462267963984	0.18571074681654218	0.006799416391359567
1648A8CC34	31	0.24089861099064472	0.3638109737408483	0.19945087014565546	0.19583954512285132
1648A8CC34	32	0.1525343946418883	0.6080000847518942	0.18421713673103024	0.05524838387518717
1648A8CC34	33	0.7922087041803799	0.04821086127168695	0.15143190805073722	0.008148526497195883
1648A8CC34	34	0.9316143418936186	0.00960114115956337	0.05681782640912608	0.0019666905376920347
1648A8CC34	35	0.8072964880147298	0.041778388292464504	0.10045108816632325	0.05047403552648257
1648A8CC34	36	0.42109279387398274	0.28340972867844694	0.215102666179162	0.08039481126840811
1648A8CC34	37	0.4330761533596986	0.34566764911525266	0.12792308310776415	0.09333311441728424
1648A8CC34	38	0.02810501938046476	0.07000238448564931	0.21851159305070536	0.6833810030831807
1648A8CC34	39	0.17682786614395452	0.5186851463106884	0.21491834513825894	0.08956864240709811
1648A8CC34	40	0.3695005253177564	0.14689964960035573	0.3047224835711918	0.17887734151069593
1648A8CC34	41	0.9003934900145933	0.02559428695577011	0.06551882013674873	0.008493402892888005
1648A8CC34	42	0.054904075737053	0.3848439607647667	0.2313121368187816	0.3289398266793987
1648A8CC34	43	0.07834847920553367	0.31390504775492	0.18302163571364138	0.42472483732590516
1648A8CC34	44	0.7998658877092563	0.09393122951200852	0.09821317720021153	0.007989705578523486
1648A8CC34	45	0.03467308858207047	0.795907050949767	0.11088680772311314	0.058533052745049524
1648A8CC34	46	0.024773055820905887	0.41040090750345043	0.11960960965843251	0.44521642701721104
1648A8CC34	47	0.3360309355383693	0.23316029871764557	0.14039594678466602	0.29041281895931903
1648A8CC34	48	0.9141187571183157	0.010666470674098254	0.053671780681914236	0.02154299152567194
1648A8CC34	49	0.16778795863743798	0.37621746399259015	0.32750801470417745	0.12848656266579433
1648A8CC34	50	0.6745527323227578	0.08005751441826825	0.1961016130116613	0.04928814024731284
1648A8CC34	51	0.5431048942135396	0.2251046166746109	0.1753913175059131	0.05639917160593663
1648A8CC34	52	0.5857770727282258	0.08144401087736233	0.15273920089642168	0.1800397154979898
1648A8CC34	53	0.8515949883740115	0.028480756090231176	0.07974626830830955	0.04017798722744796
1648A8CC34	54	0.10716060874389156	0.26956577356732564	0.38211623162617736	0.24115738606260553
1648A8CC34	55	0.08644780243780302	0.2742271092060822	0.44509146649789905	0.19423362185821583
1648A8CC34	56	0.042324387249545306	0.2735216330845836	0.23190985103625014	0.45224412862962104
1648A8CC34	57	0.6286233397881076	0.10167619338955838	0.14970558392219568	0.11999488290013827
1648A8CC34	58	0.8239692034738645	0.021440768427005718	0.09804828811490206	0.05654173998422787
1648A8CC34	59	0.008899707655029196	0.7238298751745523	0.14061055286030363	0.12665986431011506
1648A8CC34	60	0.06393475751775965	0.3245856436899763	0.20157779969722306	0.4099017990950408
1648A8CC34	61	0.39943696739552254	0.3501411994758086	0.17306460050118241	0.07735723262748644
1648A8CC34	62	0.3550714407601283	0.3485633685978886	0.18547418582517236	0.11089100481681084
1648A8CC34	63	0.21698054232018663	0.43530250984899493	0.22451208324324612	0.12320486458757245
1648A8CC34	64	0.009923035927736943	0.0671343062703954	0.23412658204825187	0.6888160757536157
1648A8CC34	65	0.08826217326194033	0.3379382899128034	0.15705127538492625	0.41674826144033006
1648A8CC34	66	0.7618699409396833	0.05333178853081738	0.09626267488507176	0.08853559564442776
1648A8CC34	67	0.09075885309942139	0.2600654332109866	0.21773305275896304	0.4314426609306294
1648A8CC34	68	0.17754715607111074	0.27368468072134294	0.15762121158559955	0.39114695162194657
1648A8CC34	69	0.12967420798154888	0.10753221974501573	0.36030435997670757	0.4024892122967277
1648A8CC34	70	0.2724477626905691	0.1165330973022272	0.29238765789504784	0.31863148211215575
1648A8CC34	71	0.18221939806315215	0.16376682885818297	0.18623540719010018	0.467778365888565
1648A8CC34	72	0.06938752214023314	0.03888445894959485	0.1179068713766473	0.7738211475335249
1648A8CC34	73	0.1013262120617845	0.08345704297495873	0.5034768556968595	0.31173988926639684
1648A8CC34	74	0.013402685931619421	0.2004538408247652	0.24014088951559623	0.5460025837280192
1648A8CC34	75	0.03109077538528171	0.029357441729485602	0.4756824212478927	0.46386936163734016
