Source Name	Cell ID	archetype 1	archetype 2	archetype 3	archetype 4
E794F7AE68	1	0.17349540894738935	0.7259453031625972	0.08706316638516623	0.013496121504847454
E794F7AE68	2	0.8364470209188004	0.04292232493330787	0.11549331340628032	0.005137340741611217
E794F7AE68	3	0.7286763292036791	0.12911328537096511	0.12064938362758973	0.021561001797766204
E794F7AE68	4	0.05818892792923922	0.5305173472793214	0.12964149890799337	0.281652225883446
E794F7AE68	5	0.6971675651376645	0.11987459315877896	0.17053868692701227	0.012419154776544195
E794F7AE68	6	0.9559123750030541	0.003956946203290946	0.03805334865228816	0.0020773301413667174
E794F7AE68	7	0.8018779212088827	0.06330016588459772	0.12719996551979246	0.0076219473867271135
E794F7AE68	8	0.8967768482901051	0.031028679976819813	0.06866376094765132	0.0035307107854242047
E794F7AE68	9	0.8109601832354487	0.01391936567367398	0.16631544541584398	0.00880500567503343
E794F7AE68	10	0.8767629354219241	0.048806313012034794	0.06289147528028087	0.011539276285760283
E794F7AE68	11	0.5604412715880596	0.1314529246527766	0.2561966662104224	0.05190913754874144
E794F7AE68	12	0.4313253734387401	0.35866858015189124	0.1824446198498869	0.027561426559481704
E794F7AE68	13	0.6237579020454983	0.1483335351006173	0.19367592428038896	0.03423263857349575
E794F7AE68	14	0.8613488272578862	0.05284278105142022	0.0756855661276613	0.010122825563031937
E794F7AE68	15	0.8808702110064264	0.03884219472139323	0.07797767689518782	0.0023099173769924714
E794F7AE68	16	0.06248677115978859	0.5458943819671349	0.35007674760262036	0.04154209927045608
E794F7AE68	17	0.052784764248884924	0.4075109371801198	0.2523962387775914	0.287308059793404
E794F7AE68	18	0.18279370056118044	0.6647689246868622	0.12233739496064837	0.030099979791309038
E794F7AE68	19	0.00712944002403651	0.8079379922514424	0.12655304471527715	0.058379523009243886
E794F7AE68	20	0.6166615727244097	0.09761690164244358	0.17737727555195085	0.10834425008119632
E794F7AE68	21	0.1052670105111686	0.4259177047374319	0.3245991646894434	0.14421612006195636
E794F7AE68	22	0.23572537644053634	0.3918671250427386	0.32707438104498826	0.04533311747173695
E794F7AE68	23	0.26476371645855445	0.49262740447439074	0.15597882010365624	0.08663005896339893
E794F7AE68	24	0.865197602707606	0.07065862865073573	0.05863558432537363	0.005508184316284317
E794F7AE68	25	0.8397928418310673	0.04189525815669047	0.09881698638218715	0.019494913630054834
E794F7AE68	26	0.46837394659876863	0.18404468077353095	0.31908411725643565	0.02849725537126494
E794F7AE68	27	0.739249758722843	0.09892006260254904	0.12418243588144764	0.037647742793160154
E794F7AE68	28	0.1337398719014552	0.5615031437584982	0.22517291017760604	0.07958407416244066
E794F7AE68	29	0.562366799173413	0.21826383129017254	0.1481470726971934	0.07122229683922095
E794F7AE68	30	0.15176212293252492	0.6612115442589512	0.16489439603872807	0.022131936769795885
E794F7AE68	31	0.6263563920906617	0.23750466199794976	0.12104390433172915	0.015095041579659144
E794F7AE68	32	0.6218263222397271	0.13927781166382203	0.1677303309985226	0.07116553509792843
E794F7AE68	33	0.5114891727774377	0.263643587506294	0.18966942783699783	0.03519781187927052
E794F7AE68	34	0.12714052214379246	0.3584778021979801	0.44546763279516816	0.06891404286305938
E794F7AE68	35	0.2007654860188019	0.47356640827432495	0.2776216905377157	0.0480464151691574
E794F7AE68	36	0.1986278039627025	0.6108072581734878	0.1490613976907704	0.041503540173039276
E794F7AE68	37	0.20783320186187512	0.4980994649785334	0.17664288536105077	0.11742444779854042
E794F7AE68	38	0.21642805759544878	0.26048589380022696	0.3362587212226207	0.18682732738170368
E794F7AE68	39	0.8971572735192732	0.04408650564624811	0.05234346210575168	0.006412758728727093
E794F7AE68	40	0.48633598069660106	0.406434769823582	0.0942271450815935	0.01300210439822342
E794F7AE68	41	0.87931633380016	0.048903662224082094	0.05280563906561136	0.0189743649101465
E794F7AE68	42	0.09535867658510364	0.6642828170652981	0.19516185472540085	0.04519665162419772
E794F7AE68	43	0.5805866987555636	0.19535875641893072	0.18891008941910287	0.03514445540640248
E794F7AE68	44	0.3634012414597098	0.24286083645937923	0.21584969845778748	0.17788822362312348
E794F7AE68	45	0.180826117629543	0.6623831696581285	0.10623993413154265	0.050550778580785584
E794F7AE68	46	0.019486835267908457	0.6620391051291097	0.2087557308613364	0.10971832874164558
E794F7AE68	47	0.06270185748858653	0.2195985798252141	0.2866758724551485	0.431023690231051
E794F7AE68	48	0.3466314617940271	0.2861413302282009	0.1852886885804036	0.18193851939736833
E794F7AE68	49	0.021632733488352908	0.6439342535490246	0.1684255905734724	0.1660074223891498
E794F7AE68	50	0.04636564748912798	0.6262157806040539	0.24187520892709857	0.08554336297971961
E794F7AE68	51	0.6064713643025034	0.11492174443505372	0.1687466915314017	0.10986019973104087
E794F7AE68	52	0.8225314562318126	0.03324125471467851	0.11247022290512004	0.03175706614838886
E794F7AE68	53	0.09544379751369407	0.6378708714150365	0.2375916569934292	0.02909367407784022
E794F7AE68	54	0.05998505027457982	0.44844049519690915	0.1833402095199698	0.3082342450085411
E794F7AE68	55	0.24421576591443298	0.5784774826469721	0.15710040652722265	0.020206344911372177
E794F7AE68	56	0.8267686922285723	0.02674376415035808	0.09474237325581342	0.05174517036525647
E794F7AE68	57	0.8128575361615131	0.07246136290224454	0.08013926312701558	0.03454183780922677
E794F7AE68	58	0.3337708546848774	0.22434425101396843	0.3765276181755155	0.06535727612563867
E794F7AE68	59	0.030319488607759643	0.44057515396424896	0.18533255878416294	0.3437727986438285
E794F7AE68	60	0.18955376778257135	0.24060356460046348	0.18102068842622926	0.3888219791907358
E794F7AE68	61	0.17845586189539017	0.5939912668783944	0.1349185068274994	0.09263436439871618
E794F7AE68	62	0.4015572786284043	0.36700971923761333	0.13691705353167755	0.09451594860230479
E794F7AE68	63	0.009429373442557483	0.7395189412716827	0.12516399547487497	0.12588768981088472
E794F7AE68	64	0.03181497874264326	0.37341802512486044	0.25593087994494174	0.33883611618755444
E794F7AE68	65	0.07764406049930114	0.670039871080271	0.17422825813761747	0.07808781028281032
E794F7AE68	66	0.8637116939510252	0.0634469286211569	0.06313462105319059	0.009706756374627057
E794F7AE68	67	0.038468158499265444	0.5988189764917952	0.12708288946416643	0.23562997554477286
E794F7AE68	68	0.369129664442415	0.12803935115058263	0.3325449272449997	0.17028605716200262
E794F7AE68	69	0.21176413033516936	0.10904414814690779	0.21061165549975497	0.468580066018168
E794F7AE68	70	0.2036308462138419	0.09674770397429854	0.37609652425556733	0.3235249255562923
E794F7AE68	71	0.06129070353948165	0.742634979903877	0.16557319985812546	0.03050111669851604
E794F7AE68	72	0.027595211942466127	0.37255951148663713	0.10810900725599129	0.4917362693149055
E794F7AE68	73	0.038752193495989566	0.6003673185488726	0.19599487733888044	0.1648856106162573
E794F7AE68	74	0.17601976983938128	0.5617928280991854	0.18732658553722392	0.07486081652420924
E794F7AE68	75	0.02510116650441434	0.580381062120455	0.2566182332738079	0.137899538101323
E794F7AE68	76	0.19376095978373642	0.07109520437413061	0.13021512931945373	0.6049287065226794
E794F7AE68	77	0.012739089183042297	0.6575748663775026	0.22738131100150752	0.10230473343794738
E794F7AE68	78	0.08808319548346286	0.17491985104108007	0.24412457681648939	0.4928723766589679
E794F7AE68	79	0.06396810413390297	0.1561033705651584	0.14893752263619853	0.6309910026647402
E794F7AE68	80	0.022512603439854638	0.5080892224249917	0.16452791617917542	0.30487025795597844
E794F7AE68	81	0.044564492131346244	0.438234106326646	0.2647423151187327	0.252459086423275
