Source Name	Cell ID	archetype 1	archetype 2	archetype 3	archetype 4
D738F5D435	1	0.8795004528448993	0.02594496756870231	0.0838876507958398	0.010666928790558583
D738F5D435	2	0.4714424525607492	0.2825456550056367	0.23029027834670354	0.01572161408691049
D738F5D435	3	0.006545881725827673	0.6366209655548108	0.30586884290867794	0.050964309810683735
D738F5D435	4	0.8340089605616142	0.02297099507328056	0.10134912843279792	0.04167091593230706
D738F5D435	5	0.09443515701519528	0.18168421830237977	0.6029989717875022	0.12088165289492293
D738F5D435	6	0.5329728997212093	0.26658190038396234	0.13164719693812807	0.06879800295670044
D738F5D435	7	0.17611963748814896	0.4510623537468137	0.1719077875571444	0.2009102212078927
D738F5D435	8	0.07366376611306857	0.4674756063780988	0.2747968591245045	0.1840637683843278
D738F5D435	9	0.6632418441154049	0.14995899090042455	0.17398051528601968	0.012818649698150787
D738F5D435	10	0.780503389781231	0.13741503081323636	0.07441941110249792	0.007662168303034685
D738F5D435	11	0.8637430139563562	0.018463289189911126	0.10739071920644934	0.010402977647283122
D738F5D435	12	0.09131185001509742	0.652629125987435	0.17341304425088871	0.0826459797465788
D738F5D435	13	0.39658231150406703	0.34017226284266683	0.24494868282758814	0.01829674282567809
D738F5D435	14	0.09064643007892634	0.6140111536809708	0.14131831699870046	0.15402409924140226
D738F5D435	15	0.044016580642827194	0.17362534325776754	0.7437319405736913	0.03862613552571399
D738F5D435	16	0.05705251437790739	0.6887736167522103	0.22178145811508695	0.03239241075479524
D738F5D435	17	0.030673833026482827	0.46718763141595016	0.4479051046049554	0.05423343095261138
D738F5D435	18	0.034649085782206934	0.16779447641898743	0.16613600249514993	0.6314204353036558
D738F5D435	19	0.34923203716655604	0.351381938954246	0.28788892760665624	0.01149709627254158
D738F5D435	20	0.04484272720859485	0.3794332849835954	0.2518358169759919	0.3238881708318174
D738F5D435	21	0.32435888195681684	0.36580312443495133	0.2281971972428359	0.08164079636539565
D738F5D435	22	0.8603644696852978	0.013555246045303263	0.11662801541013332	0.009452268859265502
D738F5D435	23	0.5315777843446239	0.09909822475656639	0.259565058823278	0.10975893207553188
D738F5D435	24	0.8186860452663804	0.07993038392327945	0.09581217375683371	0.005571397053506406
D738F5D435	25	0.07860297358457069	0.3957431357233052	0.19295418250534216	0.3326997081867821
D738F5D435	26	0.10049658176654712	0.5165601849425284	0.2794415612576614	0.10350167203326306
D738F5D435	27	0.9195307335032926	0.026559959986598665	0.04568397906951607	0.008225327440592652
D738F5D435	28	0.5242892507701346	0.20418015421875585	0.20706450026219092	0.06446609474891889
D738F5D435	29	0.7022045461505183	0.09337576269502564	0.1699878615390327	0.03443182961542327
D738F5D435	30	0.07030193121959746	0.7365029565024841	0.16359982218989513	0.02959529008802356
D738F5D435	31	0.8208695193523315	0.03637094002137272	0.13051618384103872	0.012243356785256766
D738F5D435	32	0.8955924945691319	0.02460906517731255	0.07413789689378006	0.0056605433597755215
D738F5D435	33	0.012043616988925318	0.6882875639219609	0.24621076702215097	0.05345805206696268
D738F5D435	34	0.039210351655363324	0.7770342931130473	0.13900347859041978	0.04475187664116957
D738F5D435	35	0.3823781262306391	0.3556534265124078	0.18853361585659675	0.07343483140035648
D738F5D435	36	0.19561426509221225	0.48080526243886496	0.17065838016515436	0.1529220923037683
D738F5D435	37	0.023802415202457187	0.1767410461499971	0.13472293785206155	0.664733600795484
D738F5D435	38	0.36776587827141977	0.3033002244787258	0.16753835834103592	0.16139553890881844
D738F5D435	39	0.3511889154420139	0.402487931322525	0.19401218851991833	0.052310964715542654
D738F5D435	40	0.5886614369400075	0.26489971236739007	0.12929740369889878	0.017141446993703922
D738F5D435	41	0.3381736135666615	0.4462415846918914	0.19376372200726671	0.02182107973418039
D738F5D435	42	0.20402063837294832	0.39979462133936094	0.15388960455743822	0.24229513573025258
D738F5D435	43	0.0358143074398577	0.07899740363274746	0.2618849388655322	0.623303350061863
D738F5D435	44	0.3372907121969081	0.241502266784755	0.29235440980722766	0.1288526112111091
D738F5D435	45	0.5220241137835795	0.18595073755619626	0.1932807362327045	0.09874441242751959
D738F5D435	46	0.9324406214917137	0.011889999020277172	0.046511522065081565	0.009157857422927212
D738F5D435	47	0.6422691749623995	0.21195528932632976	0.0915360654054696	0.05423947030580095
D738F5D435	48	0.006925094280294318	0.19709572855975538	0.2114609234333852	0.5845182537265652
D738F5D435	49	0.9093555532073822	0.010079821896561049	0.05193120987999298	0.028633415016063837
D738F5D435	50	0.09568591763298498	0.24134796206875248	0.2041902570777327	0.4587758632205302
D738F5D435	51	0.6058208984500021	0.20240650294118115	0.18238447012987433	0.009388128478942642
D738F5D435	52	0.01246090376738258	0.10816555719178692	0.09031312945481121	0.7890604095860192
D738F5D435	53	0.008333326255881764	0.8645858937967011	0.08459335621025774	0.042487423737159455
D738F5D435	54	0.531598626366316	0.16196577935212642	0.26032587124894235	0.0461097230326154
D738F5D435	55	0.12635706367194197	0.3728696194170193	0.32705771891446855	0.1737155979965703
D738F5D435	56	0.25645974501272095	0.1218993029289748	0.1990170999724596	0.42262385208584485
D738F5D435	57	0.04616721738096508	0.6539728734646167	0.1607035889100202	0.13915632024439814
D738F5D435	58	0.0482644000788254	0.18502844289014675	0.21745081378965542	0.5492563432413724
D738F5D435	59	0.20774507239365464	0.42913539627112957	0.18386653350871263	0.17925299782650325
D738F5D435	60	0.48260829708987846	0.25872367468768287	0.142096760414221	0.11657126780821751
D738F5D435	61	0.04596594892987253	0.7218693746209955	0.1968886711227013	0.0352760053264305
D738F5D435	62	0.07134765751146736	0.11107939230364001	0.18953899279678138	0.6280339573881113
D738F5D435	63	0.0458739413404669	0.5148061138368695	0.2545825068255014	0.1847374379971622
D738F5D435	64	0.16880305963540695	0.45471542134074966	0.15653021801687897	0.21995130100696433
D738F5D435	65	0.7359885688163993	0.1627600568528259	0.08567816450255404	0.015573209828220903
D738F5D435	66	0.003179073225536694	0.824913196334506	0.09843310242171083	0.07347462801824647
D738F5D435	67	0.0888740275981921	0.5035782307624073	0.3153086520705011	0.0922390895688995
D738F5D435	68	0.013283038692471586	0.545375243708784	0.13317167116587578	0.3081700464328686
D738F5D435	69	0.0898403751592646	0.5202082800452553	0.2243161455188412	0.16563519927663878
D738F5D435	70	0.8005487171593257	0.0386347948123231	0.09204771181513514	0.06876877621321592
D738F5D435	71	0.015501014930498613	0.4526203336542216	0.20885016817980087	0.32302848323547884
D738F5D435	72	0.026341653830570102	0.7972377242683494	0.10865740468807304	0.06776321721300733
D738F5D435	73	0.05540453847506982	0.621548411949549	0.2721250889647765	0.05092196061060484
D738F5D435	74	0.06347213032483115	0.44113203407969287	0.3439999126655271	0.1513959229299487
D738F5D435	75	0.028995927774939863	0.257172322465616	0.34992262958589015	0.3639091201735539
D738F5D435	76	0.05026136997950499	0.6303196810186854	0.2430194356504406	0.07639951335136895
D738F5D435	77	0.06623084939318666	0.21191969961422552	0.2702229989326345	0.45162645205995383
D738F5D435	78	0.07872283598226795	0.23362290077877	0.17826444288907142	0.5093898203498909
