Source Name	Cell ID	archetype 1	archetype 2	archetype 3	archetype 4
BCAAF27981	1	0.9102789179043831	0.02703363531867522	0.05796251436608923	0.0047249324108526725
BCAAF27981	2	0.49876224380541245	0.21318135852124406	0.24682286220595798	0.04123353546738545
BCAAF27981	3	0.7811643241167628	0.05107580207613079	0.1610506922958909	0.006709181511215582
BCAAF27981	4	0.020918052940314975	0.4671699159565783	0.4949733519168697	0.016938679186237045
BCAAF27981	5	0.6138234783837166	0.20590185896487923	0.16762204034501882	0.012652622306385168
BCAAF27981	6	0.5689032437604212	0.1733013308868877	0.2511258346605495	0.0066695906921416465
BCAAF27981	7	0.7068654330086029	0.10400046851261624	0.06549511333988096	0.12363898513889986
BCAAF27981	8	0.7218599058149404	0.1579771021998595	0.10839057658717005	0.01177241539802999
BCAAF27981	9	0.8459014122764568	0.04190475249815682	0.09611169006526184	0.01608214516012455
BCAAF27981	10	0.7548756433453737	0.07936693973618157	0.152463118112805	0.013294298805639681
BCAAF27981	11	0.8781925939390948	0.031139625796977138	0.0836020662476695	0.007065714016258724
BCAAF27981	12	0.48455767187558507	0.2562606313419641	0.16304721030369618	0.09613448647875449
BCAAF27981	13	0.7964269777006718	0.13596900852156127	0.06256405601897991	0.005039957758787107
BCAAF27981	14	0.4712965859222907	0.11780621197377429	0.2685910547969843	0.1423061473069511
BCAAF27981	15	0.7059779678446847	0.1028637804746036	0.17804371906843733	0.013114532612274245
BCAAF27981	16	0.04535736404629768	0.7125356610307437	0.22941379219871558	0.012693182724243081
BCAAF27981	17	0.9162511443782558	0.01835631710530579	0.06412873263868693	0.0012638058777516377
BCAAF27981	18	0.5885601753392246	0.26922551595159294	0.13300801943623836	0.00920628927294414
BCAAF27981	19	0.179403326962504	0.5981019198745262	0.1211288686729898	0.10136588448997991
BCAAF27981	20	0.9613475825743234	0.009605383008142662	0.02830923655601421	0.0007377978615196102
BCAAF27981	21	0.38189092736855274	0.37272826970489253	0.13952219226974205	0.10585861065681215
BCAAF27981	22	0.8773641159526309	0.022858165972442532	0.07081302037031395	0.02896469770461227
BCAAF27981	23	0.04627977342604599	0.7915996969832612	0.13445273993353205	0.027667789657160935
BCAAF27981	24	0.7193705036293404	0.1710381888323758	0.1029383049210441	0.0066530026172399075
BCAAF27981	25	0.47514726378608807	0.15056475879272319	0.1941425877098529	0.18014538971133556
BCAAF27981	26	0.9834756000567539	0.0011791817353736776	0.01508692463461252	0.0002582935732596702
BCAAF27981	27	0.28010692057557846	0.3788166508386547	0.24203804789605923	0.09903838068970772
BCAAF27981	28	0.18616612703292967	0.38537570298163354	0.2913937299303983	0.13706444005503846
BCAAF27981	29	0.015062301445611439	0.6927472751824191	0.19750439280567283	0.09468603056629672
BCAAF27981	30	0.2795999272803286	0.2681609941949689	0.32444546766311155	0.12779361086159055
BCAAF27981	31	0.6591803006355186	0.1659763409705337	0.162310991851758	0.012532366542189975
BCAAF27981	32	0.6867184069828023	0.0840749972250264	0.21301360735751015	0.01619298843466074
BCAAF27981	33	0.002508985684011173	0.7963239151039062	0.07572111724678099	0.12544598196530196
BCAAF27981	34	0.5091187745990755	0.2947630955630276	0.17951963405214555	0.016598495785751382
BCAAF27981	35	0.7670729033085883	0.05254404753235071	0.14977803375029666	0.030605015408764442
BCAAF27981	36	0.26285752668947765	0.5448677912348382	0.16920346873137115	0.023071213344313075
BCAAF27981	37	0.5513759234785048	0.13511040560706722	0.18294186397561174	0.1305718069388165
BCAAF27981	38	0.5083228304750496	0.32055818416798876	0.14019924493333308	0.030919740423628377
BCAAF27981	39	0.06646842954666934	0.7357994315993083	0.16641203816112066	0.03132010069290178
BCAAF27981	40	0.7928917743975342	0.04045919255079845	0.11687351175152312	0.04977552130014405
BCAAF27981	41	0.0246732988040618	0.6459766375668581	0.2551495217094821	0.07420054191959784
BCAAF27981	42	0.24593568912639655	0.49414898928828865	0.24466670336989757	0.015248618215417412
BCAAF27981	43	0.4086430209610263	0.37433419546965346	0.19129339921959873	0.02572938434972181
BCAAF27981	44	0.135741819426941	0.6639098556983821	0.14163336932848458	0.05871495554619234
BCAAF27981	45	0.24730390467368452	0.4304190385450031	0.2585563768173644	0.06372067996394834
BCAAF27981	46	0.048898193168333354	0.7474423757482909	0.07821623239623918	0.12544319868713677
BCAAF27981	47	0.5276452241398998	0.12490418566347974	0.14316733544340532	0.2042832547532152
BCAAF27981	48	0.3300342024567813	0.33897806761921656	0.2714600858624813	0.059527644061520585
BCAAF27981	49	0.7225529836063789	0.050915115153838925	0.21421536885114445	0.012316532388637743
BCAAF27981	50	0.9199152309838448	0.02398474360214511	0.04512788082148788	0.010972144592522276
BCAAF27981	51	0.09663481438901673	0.3691525066516808	0.4228297933905638	0.11138288556873874
BCAAF27981	52	0.5897012868238096	0.1530262589388584	0.24999773740144737	0.007274716835884772
BCAAF27981	53	0.01899459917824293	0.5097396265274818	0.21325291662667303	0.25801285766760174
BCAAF27981	54	0.010429008772498095	0.7039178499189541	0.21433169124465923	0.07132145006388843
BCAAF27981	55	0.31430908581772576	0.40964630287676884	0.23288567634336502	0.04315893496214026
BCAAF27981	56	0.10385277785015506	0.5939328971371824	0.21259521030258544	0.08961911471007729
BCAAF27981	57	0.23456759816335004	0.6037371731599327	0.1176134005848798	0.0440818280918374
BCAAF27981	58	0.05323283628445936	0.6119594920574621	0.30165235743695856	0.03315531422112014
BCAAF27981	59	0.06727696807656847	0.701067252660705	0.20913915304721586	0.022516626215510437
BCAAF27981	60	0.03480649019435962	0.4410996620487637	0.24185257214728462	0.282241275609592
BCAAF27981	61	0.04843162549996227	0.65669011906866	0.2811498104438526	0.013728444987525403
BCAAF27981	62	0.1436131025303501	0.5735332572112475	0.2430055594192683	0.03984808083913402
BCAAF27981	63	0.8775825292395395	0.06167933158526506	0.04512850087813624	0.015609638297059225
BCAAF27981	64	0.05475796419287027	0.7073865005127996	0.1919473675027277	0.04590816779160262
BCAAF27981	65	0.05595201668499443	0.5967473371535724	0.24465126925386033	0.10264937690757284
BCAAF27981	66	0.07774964012121405	0.5544149637493744	0.3266196847667194	0.04121571136269207
BCAAF27981	67	0.03505473474271581	0.8131119153646371	0.1133117285956379	0.038521621297009236
BCAAF27981	68	0.014814300013548536	0.21294549455556383	0.1199685689059298	0.6522716365249577
BCAAF27981	69	0.329133944023072	0.43482334860232363	0.2023309282293253	0.03371177914527893
BCAAF27981	70	0.10983818787376738	0.6876814080237468	0.18355298602748216	0.01892741807500338
BCAAF27981	71	0.06674286438489714	0.6429618442653752	0.20071569085161375	0.08957960049811384
BCAAF27981	72	0.07160203773946267	0.4271873855287047	0.2043821849073756	0.29682839182445736
BCAAF27981	73	0.11625045750523472	0.5614959051208125	0.16192413092803085	0.16032950644592192
BCAAF27981	74	0.26898241346388047	0.11453961113919278	0.4270668446936475	0.1894111307032793
BCAAF27981	75	0.5683594419867298	0.23263349516912477	0.1811043700002088	0.01790269284393714
BCAAF27981	76	0.017407391285440717	0.5805554274363226	0.15344632686221363	0.24859085441602302
BCAAF27981	77	0.20391321300094062	0.5419893898681675	0.187889011610058	0.0662083855208335
BCAAF27981	78	0.035834557072582485	0.7001955101119204	0.20937321695512354	0.05459671586037332
BCAAF27981	79	0.04809138472270321	0.6670308934772238	0.19899782009087047	0.08587990170920283
BCAAF27981	80	0.0554645039029327	0.7300369805356027	0.13914954367719964	0.0753489718842651
BCAAF27981	81	0.013326804059214678	0.7961650540835702	0.15620549928967806	0.0343026425675371
BCAAF27981	82	0.09475174327662128	0.705929529568316	0.13324994593940945	0.06606878121565297
BCAAF27981	83	0.009249250516414346	0.5070041645860848	0.1558610042692764	0.32788558062822426
BCAAF27981	84	0.04383210229106709	0.7108479810316272	0.10014862512534081	0.1451712915519651
BCAAF27981	85	0.07289072096513488	0.38592482883288626	0.42612220457343686	0.1150622456285421
BCAAF27981	86	0.10727603904856403	0.3489800034113903	0.13985545337290764	0.4038885041671375
BCAAF27981	87	0.3085065919848814	0.40773211915876406	0.21129118878938463	0.07247010006696973
BCAAF27981	88	0.23229174231537048	0.6055624147885323	0.1074682988344824	0.05467754406161467
BCAAF27981	89	0.13977628868277567	0.5268706574330893	0.18711423351331224	0.14623882037082245
BCAAF27981	90	0.007057402352108624	0.42988635855343066	0.22898341142123801	0.3340728276732223
BCAAF27981	91	0.08324231566595425	0.33356151017717445	0.18778507171287157	0.39541110244399963
BCAAF27981	92	0.011227532322327864	0.7147837433131501	0.1896519232220941	0.08433680114242816
BCAAF27981	93	0.009591954394093143	0.159919039278929	0.137549154722487	0.6929398516044907
BCAAF27981	94	0.06434100289525922	0.6724875986983482	0.19404404026122898	0.06912735814516317
BCAAF27981	95	0.5356816046441524	0.21623140572449326	0.08562622810540067	0.16246076152595404
BCAAF27981	96	0.034534634211739114	0.49545195899344757	0.2785087378096455	0.19150466898516783
BCAAF27981	97	0.08798918915245066	0.23276412159936039	0.433475609376351	0.24577107987183783
BCAAF27981	98	0.026015443849546772	0.5216804919474295	0.3670669259055539	0.08523713829746997
BCAAF27981	99	0.2185664408319581	0.3349453840390018	0.3204415501665951	0.12604662496244512
BCAAF27981	100	0.0172917440966099	0.7477425092716542	0.17406753081963686	0.06089821581209869
BCAAF27981	101	0.05383570212871634	0.41709588399913844	0.20835880432879259	0.32070960954335276
BCAAF27981	102	0.3977643092045062	0.2582047948133017	0.30042859811985045	0.04360229786234165
BCAAF27981	103	0.21805812988075643	0.09631088835115319	0.14746365198991512	0.5381673297781755
BCAAF27981	104	0.009468950234181376	0.6069911176753884	0.3129388650237675	0.07060106706666273
BCAAF27981	105	0.03988756017574123	0.2192473602100676	0.19376768151929083	0.5470973980949005
BCAAF27981	106	0.39222648509408237	0.078584678630575	0.21394904620286953	0.3152397900724732
BCAAF27981	107	0.917794007673922	0.013444525457648853	0.05002057034433053	0.01874089652409876
