Source Name	Cell ID	archetype 1	archetype 2	archetype 3	archetype 4
0F6C27F441	1	0.8505373699237334	0.06215985086031964	0.07350589716567879	0.013796882050268185
0F6C27F441	2	0.36786005920307513	0.3649909063030936	0.2508988451439473	0.01625018934988387
0F6C27F441	3	0.9199229105754767	0.017148157391826895	0.05409416291275462	0.00883476911994152
0F6C27F441	4	0.15032507858798547	0.5378242593828079	0.26153576537529655	0.050314896653910014
0F6C27F441	5	0.6754436614060683	0.12819419495456458	0.16568625744923318	0.030675886190134012
0F6C27F441	6	0.017637485770518057	0.6895485899690347	0.13890002737406437	0.15391389688638302
0F6C27F441	7	0.4692325785039141	0.30314937437542194	0.20230276605873873	0.025315281061925116
0F6C27F441	8	0.1288988483085022	0.5773791939039107	0.21521923557643585	0.07850272221115145
0F6C27F441	9	0.8837604221733014	0.015289306256258253	0.0979172977220844	0.003032973848355968
0F6C27F441	10	0.2908230431400384	0.3114779826241237	0.27434826679164565	0.12335070744419228
0F6C27F441	11	0.10650162864446643	0.2514428688516752	0.1689515763670117	0.47310392613684643
0F6C27F441	12	0.9605765778044751	0.006717264878635749	0.03147143373099817	0.0012347235858908797
0F6C27F441	13	0.8799570381403962	0.02577756242482764	0.08958179020128669	0.004683609233489537
0F6C27F441	14	0.5813237765696402	0.17483406000065918	0.23158228042966036	0.012259883000040538
0F6C27F441	15	0.07360009376801786	0.471461505690808	0.16664531848008707	0.2882930820610871
0F6C27F441	16	0.42996215238789937	0.3445781361400738	0.18306868441602359	0.042391027056003
0F6C27F441	17	0.9471209759566648	0.004538828385927009	0.04736273125508981	0.0009774644023183392
0F6C27F441	18	0.4811802056063436	0.30959649094027764	0.19870984308953177	0.010513460363847036
0F6C27F441	19	0.9517015401390484	0.004460247885335616	0.03976129416899977	0.004076917806616606
0F6C27F441	20	0.8450307176730154	0.04374685871957243	0.10172739817593059	0.009495025431481539
0F6C27F441	21	0.49337054760217597	0.22721809146803507	0.13430103425727924	0.1451103266725097
0F6C27F441	22	0.023237645327264928	0.2391540433530519	0.14740808163459923	0.590200229685084
0F6C27F441	23	0.7759631972639525	0.1260725014306503	0.09275302200383051	0.005211279301566766
0F6C27F441	24	0.7555811755685872	0.10000415562449537	0.12414150567550739	0.020273163131410168
0F6C27F441	25	0.562214689730904	0.16421338104348743	0.11691532959301114	0.15665659963259754
0F6C27F441	26	0.15921913090075102	0.4095728021292506	0.39897710329942604	0.03223096367057242
0F6C27F441	27	0.6362517344265011	0.13143453987255949	0.14291932084009246	0.08939440486084674
0F6C27F441	28	0.7397907364719508	0.06193860989993346	0.1733405056021739	0.024930148025941543
0F6C27F441	29	0.12636161285064118	0.49430334319140534	0.15201579969320905	0.22731924426474462
0F6C27F441	30	0.8470247284749585	0.041333699444134515	0.10360501449835517	0.008036557582551975
0F6C27F441	31	0.7052713665180732	0.14848260273891645	0.1367384222296928	0.009507608513317467
0F6C27F441	32	0.9232548371533584	0.01613182338351503	0.05889587181337491	0.001717467649752197
0F6C27F441	33	0.1839553528862928	0.6256317623086605	0.1456973309949561	0.04471555381009052
0F6C27F441	34	0.576774622844249	0.17588866053423435	0.19515819672145765	0.05217851990005919
0F6C27F441	35	0.8192478189247728	0.027196440055570925	0.14832542448080455	0.005230316538851897
0F6C27F441	36	0.152818979350184	0.567667102663517	0.24719699687821312	0.03231692110808585
0F6C27F441	37	0.5091847690216375	0.1806592633118452	0.24466715549442986	0.06548881217208713
0F6C27F441	38	0.6835800143136869	0.13916382526232438	0.16426003063676883	0.01299612978721987
0F6C27F441	39	0.9244362512702943	0.014027633109783251	0.058925883572946404	0.0026102320469761488
0F6C27F441	40	0.3475282965369955	0.16520065837541367	0.45233039993729346	0.034940645150297205
0F6C27F441	41	0.7573474323353523	0.08589835860365536	0.13066836712696772	0.02608584193402457
0F6C27F441	42	0.40878084204775217	0.4292248880954588	0.12291577959341157	0.039078490263377244
0F6C27F441	43	0.8225602222225057	0.029303158090511747	0.14177686165238165	0.00635975803460083
0F6C27F441	44	0.8775328114298167	0.052549133221832876	0.06563398476510075	0.004284070583249862
0F6C27F441	45	0.21254371693148164	0.4510516031133173	0.20417174388906806	0.13223293606613304
0F6C27F441	46	0.08276227792696934	0.5933164168169138	0.15228286556085835	0.17163843969525813
0F6C27F441	47	0.018710646182710868	0.5347389404303031	0.1787416947901334	0.26780871859685235
0F6C27F441	48	0.40971783136622364	0.30358768974058864	0.2637157793139841	0.02297869957920328
0F6C27F441	49	0.8205869466674699	0.0830635057544136	0.08246708452694806	0.013882463051168385
0F6C27F441	50	0.31216123868775153	0.4958954877400275	0.17356197878345508	0.018381294788765778
0F6C27F441	51	0.9161493290636639	0.020375953769355932	0.0609947162441998	0.0024800009227805295
0F6C27F441	52	0.26150820752076587	0.2312853934571944	0.26082281466896406	0.2463835843530754
0F6C27F441	53	0.020418626098511205	0.7345668755457727	0.1704322616247676	0.0745822367309484
0F6C27F441	54	0.5677652944899665	0.1471953873101879	0.26659524611045093	0.018444072089394626
0F6C27F441	55	0.22107568226995	0.31645746050845136	0.42196998370100164	0.04049687352059697
0F6C27F441	56	0.489664833824974	0.27272126166977934	0.2213868335011559	0.01622707100409069
0F6C27F441	57	0.4771956192246375	0.38451397265967147	0.10574603638154176	0.03254437173414911
0F6C27F441	58	0.8329936918880809	0.04570317269568703	0.11595695508103378	0.005346180335198307
0F6C27F441	59	0.27622165659395376	0.3800478142051861	0.1382959495908646	0.20543457960999573
0F6C27F441	60	0.009851370573821367	0.6011908457533007	0.22878019069698202	0.16017759297589537
0F6C27F441	61	0.024960919983517547	0.7120748168085111	0.15515954052341577	0.10780472268455553
0F6C27F441	62	0.02392524165761652	0.7487686429253316	0.12278541749087624	0.10452069792617537
0F6C27F441	63	0.7072828457612674	0.18932380513148117	0.09338676907415819	0.010006580033093076
0F6C27F441	64	0.7135148814735625	0.12064985507223963	0.11880873830347839	0.04702652515071986
0F6C27F441	65	0.10175058043419898	0.5749287963742832	0.1386341071633293	0.18468651602818845
0F6C27F441	66	0.02033894097557101	0.7434806606457414	0.1543780572807206	0.08180234109796704
0F6C27F441	67	0.12998543878624536	0.5314867937314885	0.3187675286228758	0.01976023885939035
0F6C27F441	68	0.03154664301178444	0.7132846545200535	0.23928102071889681	0.015887681749265376
0F6C27F441	69	0.2924088074330376	0.4422040398049745	0.2129370755956022	0.05245007716638584
0F6C27F441	70	0.0641325761798538	0.6659604704276246	0.24236340062693687	0.027543552765584612
0F6C27F441	71	0.059078119666489	0.63555207483471	0.19734586678499172	0.10802393871380918
0F6C27F441	72	0.32299703990127865	0.3775579822618784	0.20720621490827856	0.09223876292856403
0F6C27F441	73	0.11152947864903505	0.20140751328185005	0.31282100709163163	0.3742420009774834
0F6C27F441	74	0.7526988258369485	0.14909687212537584	0.08176734148910084	0.01643696054857467
0F6C27F441	75	0.15190238595494782	0.3991160150913608	0.3187755933683737	0.13020600558531756
0F6C27F441	76	0.05153875336649879	0.4842462765554152	0.18592570915736018	0.2782892609207256
0F6C27F441	77	0.8880576636596914	0.028481805909457678	0.057951967298031974	0.025508563132818924
0F6C27F441	78	0.0024245333583795287	0.7468093103465397	0.13137067624803128	0.1193954800470494
0F6C27F441	79	0.0953830989422034	0.3123445970611673	0.29305866734140285	0.2992136366552266
0F6C27F441	80	0.009483419759594939	0.6131858003085567	0.35673223510173235	0.020598544830116278
0F6C27F441	81	0.4268257750484578	0.24896008836670278	0.22121191081359942	0.10300222577123984
0F6C27F441	82	0.2992425851479504	0.10347469990612154	0.17466182103658393	0.42262089390934443
0F6C27F441	83	0.8184596027179628	0.008007204115529562	0.1153904201021846	0.05814277306432285
0F6C27F441	84	0.298416502167911	0.31402930934348816	0.19221183864846875	0.19534234984013207
0F6C27F441	85	0.22152703080172229	0.3028897803394088	0.2042421853516738	0.27134100350719553
0F6C27F441	86	0.48531385853797687	0.16152999174327956	0.09275644282728064	0.2603997068914627
0F6C27F441	87	0.6820520991679372	0.11506921216836637	0.1663727805337097	0.03650590812998653
0F6C27F441	88	0.07483584896491034	0.46385412008783716	0.30102815967499214	0.1602818712722603
0F6C27F441	89	0.2977849599474832	0.4368209598448143	0.12247084355341992	0.1429232366542827
0F6C27F441	90	0.02488322453478972	0.623706561885638	0.14335512316017698	0.2080550904193952
0F6C27F441	91	0.018130544852905925	0.716264222775325	0.10515323361445786	0.1604519987573114
0F6C27F441	92	0.019449751446631074	0.36967555864041246	0.14554396999091063	0.4653307199220461
0F6C27F441	93	0.011910063003591938	0.5550869360295593	0.14073170483386366	0.2922712961329858
0F6C27F441	94	0.09121727561867314	0.43017685953275314	0.222799081600306	0.255806783248268
0F6C27F441	95	0.03895495933992536	0.3374253162465413	0.35163334627564824	0.2719863781378854
0F6C27F441	96	0.029878656027600047	0.7392069238712091	0.15892832045120844	0.07198609964998232
0F6C27F441	97	0.040028365777714264	0.33142898073318855	0.10065850949389829	0.5278841439951991
0F6C27F441	98	0.06807576721731073	0.5040005420116818	0.34614853033923537	0.08177516043177235
0F6C27F441	99	0.10281792395931356	0.3396592246350069	0.1318566852299256	0.4256661661757543
0F6C27F441	100	0.019015089414721423	0.5826184147246244	0.19566083790480593	0.20270565795584855
0F6C27F441	101	0.07635654189872931	0.5805447808405474	0.26824573118755757	0.07485294607316596
0F6C27F441	102	0.045558138346895774	0.4501448813964606	0.36022578021243223	0.14407120004421126
