Source Name	Cell ID	archetype 1	archetype 2	archetype 3	archetype 4
A96BA2AE1C	1	0.14860925938347394	0.05684095807064519	0.7849242817157661	0.009625500830114814
A96BA2AE1C	2	0.7656710033967788	0.0518350557694124	0.16225712995026312	0.020236810883545692
A96BA2AE1C	3	0.009958897586894748	0.45385145555674233	0.5326762145950821	0.003513432261280879
A96BA2AE1C	4	0.9549632284038158	0.008714380662058763	0.03468192744533501	0.0016404634887904927
A96BA2AE1C	5	0.5837183347444929	0.12432542272309337	0.281071040006083	0.010885202526330804
A96BA2AE1C	6	0.9079318249116479	0.024866746834833503	0.06520671915628433	0.001994709097234224
A96BA2AE1C	7	0.9750531832071766	0.005062366886261009	0.016531760967710665	0.003352688938851832
A96BA2AE1C	8	0.10304389129236197	0.2572606581329759	0.6353744881432039	0.004320962431458361
A96BA2AE1C	9	0.9342810353012914	0.016669892236710733	0.04645406906951017	0.002595003392487774
A96BA2AE1C	10	0.12936127998016045	0.7160945142449641	0.1505363316405305	0.00400787413434452
A96BA2AE1C	11	0.01580873503635923	0.8308415365596553	0.15051044123706575	0.0028392871669196255
A96BA2AE1C	12	0.0028120116463914114	0.8988113694225622	0.09754333704866643	0.000833281882380042
A96BA2AE1C	13	0.05716451721589837	0.12207297740769357	0.7991285913493957	0.021633914027012258
A96BA2AE1C	14	0.6562047022879299	0.09610606432754289	0.21627496106230368	0.0314142723222232
A96BA2AE1C	15	0.6528332808645375	0.10726459124163842	0.20948174496001376	0.030420382933810056
A96BA2AE1C	16	0.9413594671459096	0.020036217280282424	0.036823302811429884	0.001781012762378316
A96BA2AE1C	17	0.3186703081902924	0.5601708849397785	0.07093868917044326	0.05022011769948555
A96BA2AE1C	18	0.8742768580640966	0.0277016996806443	0.08825101983589846	0.009770422419360865
A96BA2AE1C	19	0.008073440346458035	0.9665737233954825	0.02395756393072608	0.0013952723273332654
A96BA2AE1C	20	0.05326980872903631	0.669509829125647	0.27065753260853964	0.00656282953677666
A96BA2AE1C	21	0.7750666102898689	0.042961562118117524	0.14260524963102442	0.03936657796098932
A96BA2AE1C	22	0.9862915193406376	0.001418280576096074	0.011412368459704359	0.0008778316235620788
A96BA2AE1C	23	0.5890228706947299	0.05865609906147286	0.2966654348921391	0.05565559535165849
A96BA2AE1C	24	0.0030538954754041553	0.7915107331798369	0.20058981664209102	0.004845554702667984
A96BA2AE1C	25	0.9372162271948794	0.0049428247024587545	0.0503666286334827	0.00747431946917946
A96BA2AE1C	26	0.003906216743060105	0.8353160344054533	0.14204439365982754	0.0187333551916589
A96BA2AE1C	27	0.033390406009371446	0.6648026314881965	0.2733777346806981	0.028429227821734
A96BA2AE1C	28	0.8822573563747894	0.01591507796390868	0.05895007678218353	0.04287748887911854
A96BA2AE1C	29	0.05216135149468547	0.1024205963211278	0.16719637089703296	0.6782216812871542
A96BA2AE1C	30	0.011901412493924448	0.8222645833320856	0.12139604682921606	0.04443795734477389
A96BA2AE1C	31	0.6304116402008222	0.03025429472458104	0.21623546093081916	0.12309860414377767
A96BA2AE1C	32	0.0011555546845494825	0.03058624814517363	0.009378018655822003	0.9588801785144548
A96BA2AE1C	33	0.002691708195481894	0.7932026463710556	0.18368695348217504	0.020418691951287583
A96BA2AE1C	34	0.25125828193209054	0.023250126586328423	0.04812936793716225	0.6773622235444191
A96BA2AE1C	35	0.9885924456674889	0.0028028104950971237	0.008240423021046364	0.000364320816367816
A96BA2AE1C	36	0.32267321461876114	0.535032871787805	0.12425049008018539	0.018043423513248683
A96BA2AE1C	37	0.7831876597898508	0.018202483840139744	0.12986362208310537	0.0687462342869041
A96BA2AE1C	38	0.0053197127121177475	0.005277709062932854	0.08848980340021997	0.9009127748247294
A96BA2AE1C	39	0.029579164247114712	0.6774277276238788	0.27532037255411906	0.017672735574887417
A96BA2AE1C	40	0.5546558302432004	0.30505150660970715	0.1338739387640322	0.006418724383060349
A96BA2AE1C	41	0.6936972421961408	0.09359310128407744	0.18528915648027267	0.027420500039509067
A96BA2AE1C	42	0.13570873706533995	0.2563730356943418	0.2544636589698107	0.3534545682705078
A96BA2AE1C	43	0.024543244193010755	0.8673375292902583	0.09920807328844138	0.008911153228289549
A96BA2AE1C	44	0.13461778664630555	0.529028193525471	0.2649287217846255	0.07142529804359762
A96BA2AE1C	45	0.00010294956970046639	0.00190073371490072	0.02786244136693356	0.9701338753484653
A96BA2AE1C	46	0.005809721571452457	0.023354226597758092	0.0948301918566834	0.876005859974106
A96BA2AE1C	47	0.027540083911715904	0.719466939586099	0.21590194234784418	0.03709103415434076
A96BA2AE1C	48	0.7807282932037257	0.024930142827829075	0.19104066534791048	0.0033008986205345808
A96BA2AE1C	49	0.8934639688821602	0.006350987997680328	0.03755518981507615	0.06262985330508333
A96BA2AE1C	50	0.6699382416865839	0.030535258088359468	0.17435801259432154	0.12516848763073493
A96BA2AE1C	51	0.45947546169217385	0.43172544807184493	0.10279550894103841	0.006003581294942861
A96BA2AE1C	52	0.014831378956991357	0.71887325994519	0.23803324122453345	0.02826211987328479
A96BA2AE1C	53	0.002662605350953573	0.6662694846010755	0.31350998287978293	0.01755792716818767
A96BA2AE1C	54	0.04546121058953146	0.5183973813609145	0.4047763148298968	0.03136509321965715
A96BA2AE1C	55	0.0037921864678160293	0.09748623029549615	0.49007800956452485	0.4086435736721628
A96BA2AE1C	56	0.023603955600233272	0.5971235172983758	0.37083557754286806	0.008436949558523126
A96BA2AE1C	57	0.025874846475915893	0.21677591785993805	0.5263866337915386	0.23096260187260734
A96BA2AE1C	58	0.3990791325885706	0.3407873850212169	0.2308780511052836	0.02925543128492889
A96BA2AE1C	59	0.00046521197996510845	0.02012148381535178	0.033884618984805846	0.9455286852198772
A96BA2AE1C	60	0.48165120003247136	0.16059335160080163	0.22967812791527806	0.12807732045144915
A96BA2AE1C	61	0.6856353365758822	0.1232381787800672	0.17251124627063236	0.01861523837341855
A96BA2AE1C	62	0.021248775885037128	0.9110750269186053	0.05790921789569055	0.00976697930066678
A96BA2AE1C	63	0.01448925773234467	0.5016509953865833	0.48041804293366447	0.003441703947407428
A96BA2AE1C	64	0.01512228582296415	0.8968856589444597	0.07639532764120499	0.011596727591371463
A96BA2AE1C	65	0.027943160023586735	0.731254996487392	0.20739299580893816	0.03340884768008315
A96BA2AE1C	66	0.007481925945924502	0.7323640941580568	0.22499560835596616	0.03515837154005266
A96BA2AE1C	67	0.29874737379276595	0.4398288075567098	0.23407596285788143	0.02734785579264275
A96BA2AE1C	68	0.3079642922166669	0.041627096127219876	0.3123874884582576	0.338021123197856
A96BA2AE1C	69	0.017176357752728456	0.6469154672100256	0.3155746697597418	0.020333505277503924
A96BA2AE1C	70	0.000855389498869071	0.7489733691786798	0.23650203717327117	0.013669204149180174
A96BA2AE1C	71	0.022173160717050007	0.13111504025292992	0.8362703609132033	0.010441438116816566
A96BA2AE1C	72	0.9113920526622471	0.041448468012392006	0.03212235461197536	0.01503712471338546
A96BA2AE1C	73	0.8037653870642443	0.1164712443072677	0.05565040545988613	0.024112963168601623
A96BA2AE1C	74	0.05100582774641033	0.8414723744677768	0.10333284670407461	0.004188951081738238
A96BA2AE1C	75	0.0021628723884265584	0.46371386284693816	0.5164704662513911	0.01765279851324397
A96BA2AE1C	76	0.014845931633447437	0.8707903028552811	0.11243079298108723	0.0019329725301838907
A96BA2AE1C	77	0.018045321158013966	0.8760060697824302	0.103177921729799	0.002770687329756645
A96BA2AE1C	78	0.049265913459182874	0.8009653901753745	0.14163091100358471	0.00813778536185792
A96BA2AE1C	79	0.01000154610026739	0.27403831858043826	0.2556350231616044	0.4603251121576897
A96BA2AE1C	80	0.05736499055832341	0.3880095323544402	0.1640816478749553	0.39054382921228115
A96BA2AE1C	81	0.0439421565718692	0.7631627988812434	0.18840231728019885	0.004492727266688856
A96BA2AE1C	82	0.002096635865123185	0.8115325857418212	0.13650883746154574	0.049861940931509544
A96BA2AE1C	83	0.007630413279363522	0.31383732130756103	0.25553729572096534	0.4229949696921102
A96BA2AE1C	84	0.004335584141940123	0.27293273330678336	0.22531096827127559	0.4974207142800009
A96BA2AE1C	85	0.006792775332379123	0.8530765667132887	0.1291841168307261	0.01094654112360611
A96BA2AE1C	86	0.008656079359927725	0.8796492787455963	0.10869823577477443	0.002996406119701205
A96BA2AE1C	87	0.0010225676885697703	0.037143495808283494	0.004005365774882431	0.9578285707282643
A96BA2AE1C	88	0.00304648719890062	0.918513020108324	0.07760263866324642	0.0008378540295291255
A96BA2AE1C	89	0.01289874250507052	0.8892730279290055	0.09371758900583833	0.004110640560085334
A96BA2AE1C	90	0.00476395432108588	0.7766505814830429	0.20414276100246653	0.014442703193404672
A96BA2AE1C	91	0.001050790915075038	0.9500858187495267	0.03965650733301134	0.009206883002386841
A96BA2AE1C	92	0.01427017823154561	0.912881442591133	0.06891662264749794	0.003931756529823222
A96BA2AE1C	93	0.08079190323291685	0.05657776428619053	0.6710983174295969	0.1915320150512957
A96BA2AE1C	94	0.042810323377784794	0.26315251759436675	0.6482145864008729	0.04582257262697546
A96BA2AE1C	95	0.005578286046541005	0.8249754436601834	0.08823375224524739	0.08121251804802827
A96BA2AE1C	96	0.003947379021473551	0.8783200739768958	0.11495247105467567	0.0027800759469549614
A96BA2AE1C	97	0.013956930920463247	0.8309974144007877	0.1422229557223742	0.012822698956374928
A96BA2AE1C	98	0.006270410781248915	0.6788051682951758	0.30224389518004857	0.01268052574352671
A96BA2AE1C	99	0.016745971651006913	0.5229004174722662	0.4430728291435394	0.017280781733187294
A96BA2AE1C	100	0.0060564341225337204	0.8798161391590099	0.10863638777336289	0.005491038945093414
A96BA2AE1C	101	0.00602357868569661	0.08132742097263886	0.6789001156579029	0.2337488846837618
A96BA2AE1C	102	0.003930927013984017	0.7931720178692561	0.199614683098118	0.003282372018641978
A96BA2AE1C	103	0.002657577475991971	0.7853743857129123	0.20401294061642727	0.007955096194668306
A96BA2AE1C	104	0.016454657215857642	0.7713538692301649	0.1796942567379106	0.03249721681606661
A96BA2AE1C	105	0.020340018322545988	0.686774754616425	0.2751095535782396	0.017775673482789356
A96BA2AE1C	106	0.003972719722253935	0.08251498680380931	0.16639011490438216	0.7471221785695549
