Source Name	Cell ID	archetype 1	archetype 2	archetype 3	archetype 4
86AEB2E414	1	0.6950862198219617	0.06980166358989877	0.19208754969825426	0.04302456688988504
86AEB2E414	2	0.9543178868502337	0.012943925654462715	0.017840443149723953	0.01489774434557961
86AEB2E414	3	0.665362658933697	0.13453869204978475	0.17950431066171646	0.020594338354801917
86AEB2E414	4	0.013951914729646964	0.7067399462624007	0.2220978542176798	0.05721028479027238
86AEB2E414	5	0.8785239187414519	0.0065057027193996305	0.11255759241034383	0.0024127861288046905
86AEB2E414	6	0.024675051031372266	0.023468654534782425	0.34386880552172305	0.6079874889121224
86AEB2E414	7	0.8808303625357515	0.040006748429640956	0.06949108676107285	0.009671802273534631
86AEB2E414	8	0.03489602911035308	0.5248143607706669	0.4204893914237022	0.01980021869527795
86AEB2E414	9	0.6157029393208884	0.06994460253597916	0.2967962075568413	0.01755625058629121
86AEB2E414	10	0.019660848485138632	0.15954361628965877	0.08967826320877123	0.7311172720164313
86AEB2E414	11	0.07194159133287226	0.5621118149461793	0.34761909879289515	0.01832749492805377
86AEB2E414	12	0.10787262996511737	0.005840594704433134	0.03003927658504799	0.8562474987454014
86AEB2E414	13	0.8797221128566546	0.019093865419004145	0.0708737694115926	0.030310252312748625
86AEB2E414	14	0.6301549938420574	0.03839652020496551	0.1940747019876303	0.1373737839653467
86AEB2E414	15	0.5502817823518921	0.020638659540930627	0.4062872141469446	0.022792343960232594
86AEB2E414	16	0.023285657417618972	0.5245809302418846	0.36192743799892096	0.09020597434157528
86AEB2E414	17	0.5693042795835087	0.15665432276922908	0.26278242755297093	0.011258970094291151
86AEB2E414	18	0.0044052177595281196	0.06614950185929477	0.13477522793111726	0.7946700524500598
86AEB2E414	19	0.8723722307415729	0.014546547118798317	0.10964819161919324	0.0034330305204356595
86AEB2E414	20	0.015524392765920051	0.6047122580287991	0.36497232995237183	0.014791019252908738
86AEB2E414	21	0.019924527505682087	0.6449173244051768	0.20235852943038868	0.13279961865875262
86AEB2E414	22	0.014200424988133054	0.9090618453992537	0.06396832312591362	0.012769406486699756
86AEB2E414	23	0.9762871713628495	0.0027858412269635862	0.017682410049166406	0.003244577361020472
86AEB2E414	24	0.8365386662386309	0.013158135218035917	0.12244022104503706	0.02786297749829579
86AEB2E414	25	0.822281912510729	0.008709238945361757	0.16410557234595882	0.004903276197950348
86AEB2E414	26	0.6267373394068666	0.13187053036363272	0.2344005126268316	0.006991617602669418
86AEB2E414	27	0.8832142297571516	0.04232594564404221	0.06581848856887058	0.008641336029935704
86AEB2E414	28	0.2805429056754076	0.29434849583168154	0.17339030709941025	0.25171829139350116
86AEB2E414	29	0.36488691666105505	0.25370079048191596	0.37469922852247284	0.006713064334556269
86AEB2E414	30	0.014451516560432925	0.5885311383501738	0.3943252250042388	0.0026921200851545827
86AEB2E414	31	0.4410043883927885	0.3222954862034375	0.13120820074137396	0.10549192466240011
86AEB2E414	32	0.265026273583638	0.3261550526197138	0.2374817796745875	0.1713368941220605
86AEB2E414	33	0.747142387552317	0.14327069198376008	0.08124024841617629	0.028346672047746685
86AEB2E414	34	0.14685326086594072	0.4240743788062185	0.23766019328155852	0.19141216704628206
86AEB2E414	35	0.00893352434052058	0.14987105371516585	0.13935690900291195	0.7018385129414018
86AEB2E414	36	0.8408380088679339	0.08655463426217551	0.045237015244917626	0.02737034162497249
86AEB2E414	37	0.6747457758415571	0.1758230337058015	0.09277801097585921	0.05665317947678191
86AEB2E414	38	0.21872421540944492	0.15221078108710268	0.4812041809271013	0.14786082257635114
86AEB2E414	39	0.6972209792528635	0.04790487362407903	0.24787454686726723	0.006999600255790256
86AEB2E414	40	0.11001538776862978	0.7053158977316312	0.1700550292634427	0.014613685236295988
86AEB2E414	41	0.012290903874296029	0.6994483983948063	0.23097051332070362	0.057290184410194
86AEB2E414	42	0.3976506245988412	0.20427581029113473	0.2973236002391104	0.10074996487091371
86AEB2E414	43	0.4381591234512792	0.1420637293715279	0.39529042887136023	0.024486718305832548
86AEB2E414	44	0.05228594267525345	0.7290607004909767	0.19786024643148187	0.020793110402288165
86AEB2E414	45	0.5862795484693204	0.08504102176011948	0.2667395893253174	0.06193984044524254
86AEB2E414	46	0.05096626173165123	0.7727629450563573	0.15882236658069343	0.01744842663129789
86AEB2E414	47	0.06568267611152442	0.5055869672096006	0.3956822264398545	0.033048130239020264
86AEB2E414	48	0.04146329249332249	0.26129530708232146	0.6601073560385612	0.0371340443857948
86AEB2E414	49	0.056050208083596856	0.48947983165222503	0.43766926200939926	0.016800698254778753
86AEB2E414	50	0.03944121779248136	0.254249555715723	0.08762178079663734	0.6186874456951583
86AEB2E414	51	0.002613562958913924	0.03599146716164715	0.0058549433704974075	0.9555400265089417
86AEB2E414	52	0.08881268610361807	0.24495606611093984	0.47683143408088885	0.1893998137045534
86AEB2E414	53	0.01743080290461393	0.4746935098567386	0.49742008893496814	0.01045559830367909
86AEB2E414	54	0.004242785576169709	0.7388804661723255	0.14065212755500964	0.11622462069649528
86AEB2E414	55	0.0008406203607844612	0.9411406739618925	0.05589638583165686	0.0021223198456659345
86AEB2E414	56	0.07141827608608743	0.2077287235700709	0.038840601394900656	0.6820123989489408
86AEB2E414	57	0.6914028126228331	0.038141224815846086	0.2377886770922763	0.03266728546904414
86AEB2E414	58	0.03936538040484605	0.4357387986553243	0.10029666290598366	0.42459915803384607
86AEB2E414	59	0.014107052373194918	0.14781076623786946	0.8175341795741288	0.020548001814807024
86AEB2E414	60	0.08109821830488409	0.08806239405783374	0.40338647526815496	0.4274529123691272
86AEB2E414	61	0.02264040505517543	0.5927682365705136	0.3717624231264852	0.01282893524782585
86AEB2E414	62	0.012168449828098659	0.9400196951808552	0.04142152300943735	0.0063903319816087665
86AEB2E414	63	0.003322661540285074	0.4333571495297009	0.5547926241522912	0.008527564777722684
86AEB2E414	64	0.23972360700267578	0.46699866601459356	0.28407392961251116	0.00920379737021969
86AEB2E414	65	0.008167368923844353	0.5540795929356398	0.08343793516603523	0.354315102974481
86AEB2E414	66	0.4743070063404858	0.33461175603352056	0.17298309443361493	0.01809814319237873
86AEB2E414	67	0.14654883536730326	0.39130415960867954	0.4556103992914796	0.006536605732537439
86AEB2E414	68	0.0024002377084855436	0.18120998889538004	0.14298035795008154	0.6734094154460532
86AEB2E414	69	0.019352041309985905	0.09854743601764089	0.06824976899473459	0.8138507536776387
86AEB2E414	70	0.03473111429309468	0.7962501134435487	0.09175620879193318	0.0772625634714233
86AEB2E414	71	0.009241253387449556	0.8243692142353238	0.16327784684904137	0.0031116855281851236
86AEB2E414	72	0.11180604168970533	0.718598211705386	0.14566777913746917	0.02392796746743944
86AEB2E414	73	0.012513276991713684	0.8293480761940613	0.13261270335803396	0.025525943456190903
86AEB2E414	74	0.25370208327839383	0.07952120173986527	0.552112114907687	0.1146646000740536
86AEB2E414	75	0.12193630064165807	0.0711247442386826	0.7061963411014287	0.10074261401823072
86AEB2E414	76	0.015574461132584183	0.11467039437934505	0.40945446030055554	0.4603006841875149
86AEB2E414	77	0.16687893764950892	0.36601212764189955	0.4633233939783354	0.0037855407302558
86AEB2E414	78	0.03663243303959823	0.13381573508118547	0.6184959521662605	0.2110558797129557
86AEB2E414	79	0.004408758635681432	0.01770684894368633	0.09151379227051638	0.8863706001501158
86AEB2E414	80	0.0044330976703582945	0.7669242515913921	0.18089722520834686	0.04774542552990283
86AEB2E414	81	0.043466731712050864	0.8128920471396996	0.14096477773946026	0.002676443408789321
86AEB2E414	82	0.001540824499652745	0.8650784850819384	0.11395932028331407	0.019421370135094818
86AEB2E414	83	0.25206077296981233	0.4295852910845345	0.3013115061316099	0.017042429814043587
86AEB2E414	84	0.003331847604484383	0.7382170848890145	0.1505368327685778	0.10791423473792361
86AEB2E414	85	0.0022872782884310566	0.8724742706916456	0.12182985300173528	0.0034085980181878675
86AEB2E414	86	0.0029720572132354976	0.9106492854853375	0.06192835927819597	0.024450298023230933
86AEB2E414	87	0.014797743539842928	0.2115322535243043	0.5503245029307523	0.2233455000051007
86AEB2E414	88	0.04378848281858766	0.6432258834824421	0.30116019591258364	0.011825437786386846
86AEB2E414	89	0.011671911013026863	0.13390389397962016	0.29367844069193516	0.5607457543154176
86AEB2E414	90	0.01385607800554839	0.5055729865269435	0.10433801730228646	0.3762329181652216
86AEB2E414	91	0.002698815293953243	0.7175626291119676	0.21556817139091844	0.06417038420316071
86AEB2E414	92	0.21666620716635931	0.0230032347132799	0.27179613108821504	0.4885344270321455
86AEB2E414	93	0.011210223547765777	0.08707150577211781	0.7653049208927136	0.1364133497874032
86AEB2E414	94	0.004509905261897141	0.0892910209609958	0.7185583261982583	0.18764074757884894
86AEB2E414	95	0.00916168365560243	0.3350926447343031	0.6451358030360104	0.010609868574084268
86AEB2E414	96	0.0019090895131839284	0.9449655414424872	0.045618992463003785	0.007506376581324835
86AEB2E414	97	0.003317431875369145	0.8774435797905081	0.1148068660555236	0.004432122278599073
86AEB2E414	98	0.002416078929008591	0.8767933201224509	0.11690233296038287	0.003888267988157539
