Source Name	Cell ID	archetype 1	archetype 2	archetype 3	archetype 4
47B31836B0	1	0.5742650722077584	0.1288567536076392	0.1345503535998894	0.1623278205847128
47B31836B0	2	0.6567029338086986	0.1467034590219259	0.18890003378598028	0.007693573383395579
47B31836B0	3	0.5326353382461915	0.1689709863039364	0.26331457869244684	0.03507909675742534
47B31836B0	4	0.8710834225442082	0.034586835616610495	0.07678044284002229	0.0175492989991591
47B31836B0	5	0.8974312558757536	0.01928997972822385	0.07724419835176756	0.006034566044255117
47B31836B0	6	0.020374515572484462	0.6910413730272302	0.16214827520901298	0.1264358361912727
47B31836B0	7	0.8405197385727334	0.05872192436586719	0.06889365258155099	0.03186468447984838
47B31836B0	8	0.41470313480406773	0.4007950970826399	0.14320337994970472	0.04129838816358775
47B31836B0	9	0.2753981020269068	0.4897666165723414	0.22440795416105672	0.010427327239694938
47B31836B0	10	0.5716922350475333	0.13075829334730638	0.15618245265280561	0.1413670189523547
47B31836B0	11	0.4527091600627969	0.30060414611539327	0.2321753704703375	0.0145113233514727
47B31836B0	12	0.059796412210861453	0.5597865238130458	0.16578630416018109	0.21463075981591093
47B31836B0	13	0.4783290324625271	0.27704042392027134	0.12247954850944465	0.12215099510775695
47B31836B0	14	0.2608639199633167	0.40721784046052384	0.25028782576264064	0.08163041381351899
47B31836B0	15	0.2578713775812035	0.3424427833504418	0.26095969503284	0.13872614403551461
47B31836B0	16	0.04096051865388348	0.5613726201640264	0.17504420943036675	0.2226226517517234
47B31836B0	17	0.4637482102915844	0.33980829869106377	0.17175719296270978	0.02468629805464226
47B31836B0	18	0.05180808430195787	0.7232471403952094	0.2023635725626291	0.02258120274020313
47B31836B0	19	0.1560192614812902	0.620376474817431	0.12126479123812947	0.10233947246314878
47B31836B0	20	0.4253852421656399	0.19197356579894573	0.20836588600052197	0.17427530603489247
47B31836B0	21	0.3055782656846352	0.49337356445130803	0.15283227072008115	0.048215899143975734
47B31836B0	22	0.8135008448216802	0.10869911380453307	0.07061669561957605	0.007183345754210418
47B31836B0	23	0.1893008602428626	0.5012213252421759	0.2824293243145478	0.027048490200413697
47B31836B0	24	0.16569235325135775	0.6306185134886144	0.16499929188596987	0.038689841374057794
47B31836B0	25	0.7080583300249405	0.1936736430362669	0.08514148077938899	0.013126546159403344
47B31836B0	26	0.9140607829976358	0.025964314148783845	0.05721897366396676	0.002755929189613633
47B31836B0	27	0.36550979972905345	0.42596703614934195	0.1654560343730679	0.043067129748536576
47B31836B0	28	0.9448049371774984	0.005205979567684926	0.043965880707067646	0.006023202547748998
47B31836B0	29	0.12778357004713903	0.6912229386882568	0.169508495717664	0.011484995546939887
47B31836B0	30	0.10354859055928914	0.702921756258914	0.13281068539311883	0.06071896778867814
47B31836B0	31	0.1418751782905105	0.23217192492504576	0.2534835978812262	0.3724692989032169
47B31836B0	32	0.6532494710977852	0.06055019347541155	0.2344427523473677	0.05175758307943549
47B31836B0	33	0.014513708701687647	0.6711298823470008	0.25415676862107534	0.06019964033023634
47B31836B0	34	0.3171421722542456	0.4018590065744321	0.17030843062862025	0.11069039054270237
47B31836B0	35	0.04772547755432203	0.5262268952300018	0.22207440273147735	0.2039732244841989
47B31836B0	36	0.40004583340745153	0.2611810488772017	0.2248479413948747	0.11392517632047214
47B31836B0	37	0.4137311278566739	0.1428459098190284	0.1586436614051585	0.284779300919139
47B31836B0	38	0.3897698377128089	0.2971679805155768	0.21621057789207723	0.09685160387953716
47B31836B0	39	0.06530225163011104	0.8224943064563431	0.09459261227640361	0.01761082963714226
47B31836B0	40	0.22780902710952397	0.30783480321693396	0.27118726555482825	0.19316890411871393
47B31836B0	41	0.2032299024004153	0.48347600490855946	0.2806101108135536	0.032683981877471485
47B31836B0	42	0.014368085939145342	0.6539755269549401	0.21993763140116135	0.1117187557047531
47B31836B0	43	0.5573386525076397	0.2871204357612581	0.13767767942866144	0.017863232302440787
47B31836B0	44	0.0455760333441843	0.6426667370332187	0.21449725311941187	0.09725997650318487
47B31836B0	45	0.9110552460606944	0.023876751021359076	0.05503668552647332	0.010031317391473267
47B31836B0	46	0.012101078292964572	0.730219705751013	0.14122997094179346	0.11644924501422872
47B31836B0	47	0.05952811068033078	0.6219606350305534	0.18433186008596944	0.13417939420314665
47B31836B0	48	0.22195666908434403	0.37391906835605393	0.2439727070644201	0.16015155549518184
47B31836B0	49	0.8097486213924245	0.024123555957866465	0.12374489097503653	0.042382931674672684
47B31836B0	50	0.021052115086366955	0.6395216166549047	0.2352020565844154	0.104224211674313
47B31836B0	51	0.023927876399945838	0.8347067171606144	0.09431612488222009	0.04704928155722001
47B31836B0	52	0.24650709981597183	0.6033171255124986	0.11640172998136672	0.03377404469016291
47B31836B0	53	0.15830163079892465	0.28335434191559694	0.22527615619255995	0.33306787109291797
47B31836B0	54	0.07245933469450203	0.6291394234736424	0.1203042717651465	0.17809697006670888
47B31836B0	55	0.024521266942392615	0.6652150944303318	0.20229908736760663	0.10796455125966893
47B31836B0	56	0.03896404509456447	0.6500719345551302	0.13801227089498463	0.17295174945532077
47B31836B0	57	0.8090730874915482	0.0351993863317296	0.11231410720958841	0.043413418967133785
47B31836B0	58	0.030353742087976678	0.7112172586070945	0.16216299841412182	0.09626600089080677
47B31836B0	59	0.06252597760317494	0.634834340204252	0.19508159213696932	0.10755809005560361
47B31836B0	60	0.021807749881798445	0.46741576899442316	0.23740432829981692	0.2733721528239616
47B31836B0	61	0.07273887338961273	0.5287354277597124	0.21776550277703374	0.18076019607364147
47B31836B0	62	0.8293557605848093	0.01190813633665358	0.10211458631584441	0.05662151676269297
