Source Name	Cell ID	archetype 1	archetype 2	archetype 3	archetype 4
828AAFF38C	1	0.4527855755103422	0.2032382463501953	0.3346284598460299	0.009347718293432245
828AAFF38C	2	0.828179191782486	0.0651842817280067	0.09565653222570158	0.01097999426380553
828AAFF38C	3	0.10063144405436962	0.6539931452714255	0.10579610021627912	0.1395793104579258
828AAFF38C	4	0.03183597409080942	0.7536152847165519	0.11546670959937923	0.09908203159325955
828AAFF38C	5	0.31008603363550535	0.5000838746323429	0.1492518216263254	0.04057827010582664
828AAFF38C	6	0.6436703623108136	0.11671069757882799	0.2270102674798564	0.012608672630502388
828AAFF38C	7	0.7124884248229353	0.07882007999542753	0.19975935892854446	0.008932136253092571
828AAFF38C	8	0.3648450865406884	0.26209559258400683	0.3536048514322469	0.019454469443058103
828AAFF38C	9	0.9291494505416728	0.006085219453303127	0.06119196125780062	0.003573368747223655
828AAFF38C	10	0.5338824411948881	0.21487481532645772	0.22722606252184482	0.02401668095680919
828AAFF38C	11	0.3351261150595281	0.28652368009079415	0.33455040708733025	0.04379979776234744
828AAFF38C	12	0.6628874910796055	0.14562101882647122	0.16585670912184508	0.025634780972078226
828AAFF38C	13	0.7396019638826092	0.08781535670143442	0.15147271162153186	0.021109967794424058
828AAFF38C	14	0.9615947104383628	0.006084434938011471	0.029782583144457586	0.0025382714791677597
828AAFF38C	15	0.10334933720433774	0.7019266535936483	0.1501322374934698	0.044591771708544274
828AAFF38C	16	0.7836415871277552	0.032463152172179786	0.170275385637483	0.013619875062581999
828AAFF38C	17	0.6007394949055112	0.13687487940797147	0.2539797080169298	0.008405917669587997
828AAFF38C	18	0.5227346903575741	0.19033664122460126	0.2783410351378135	0.008587633280011232
828AAFF38C	19	0.6256216287090988	0.19042741204066274	0.17874004512862446	0.005210914121613883
828AAFF38C	20	0.5704725688188856	0.24588910781316764	0.14956446956938585	0.03407385379856103
828AAFF38C	21	0.11072536798842812	0.5432511506292528	0.32097758272121013	0.025045898661108654
828AAFF38C	22	0.08228268837997221	0.4801825155235693	0.4140101379434707	0.02352465815298761
828AAFF38C	23	0.7181752765043401	0.058644836223326814	0.21493691792136843	0.008242969350964566
828AAFF38C	24	0.06590625197441626	0.6558264421965238	0.1860995610765505	0.0921677447525093
828AAFF38C	25	0.39667556470123616	0.259331125461471	0.20126708067314952	0.14272622916414332
828AAFF38C	26	0.5610464585694929	0.18260515816483472	0.14930296700809528	0.10704541625757746
828AAFF38C	27	0.5931270733869852	0.17362687243277775	0.20421950714632953	0.029026547033907633
828AAFF38C	28	0.570091894516851	0.1553851054928694	0.2326352287539336	0.04188777123634605
828AAFF38C	29	0.5059195592018421	0.20191074215358049	0.2677442908499563	0.024425407794621212
828AAFF38C	30	0.7093172077069417	0.17079599615846594	0.10648034819367153	0.01340644794092068
828AAFF38C	31	0.3058083506555631	0.40100412360321636	0.181477835592212	0.11170969014900808
828AAFF38C	32	0.22324228838903798	0.538335895194292	0.13371456574278326	0.10470725067388609
828AAFF38C	33	0.2095083026156614	0.43578815731469733	0.1549353547597205	0.19976818530992083
828AAFF38C	34	0.45759109754666877	0.3188143460196519	0.16874523046541065	0.05484932596826852
828AAFF38C	35	0.5972172024788818	0.08842481647910383	0.25659743172207433	0.05776054931993987
828AAFF38C	36	0.19406470183954622	0.37001724121023927	0.2821725348840361	0.15374552206617825
828AAFF38C	37	0.3202363149333711	0.2656143861466425	0.2366502911627939	0.17749900775719268
828AAFF38C	38	0.0379993357536006	0.7286073294168389	0.20486485872824897	0.028528476101311394
828AAFF38C	39	0.7765325708439923	0.11361264144413091	0.07922822295263707	0.030626564759239614
828AAFF38C	40	0.5013253214897955	0.3328111953679879	0.11391408772521709	0.051949395416999465
828AAFF38C	41	0.5299194386257666	0.2587515324545982	0.1681926815901532	0.04313634732948183
828AAFF38C	42	0.15384548592321623	0.523774036838854	0.18977251080089952	0.1326079664370304
828AAFF38C	43	0.6399170676777769	0.17728025964963132	0.10750760311327336	0.07529506955931836
828AAFF38C	44	0.23917055180775698	0.429119918434864	0.27827030369345285	0.053439226063926114
828AAFF38C	45	0.8942237693550767	0.05125830670596736	0.0531659425401679	0.0013519813987877421
828AAFF38C	46	0.10924452675986153	0.6431410050244148	0.2322989803600543	0.01531548785566928
828AAFF38C	47	0.8689748573188163	0.028083484926661514	0.08436207322945638	0.018579584525065845
828AAFF38C	48	0.6888829307424676	0.1637129272686748	0.12160504136502849	0.025799100623828886
828AAFF38C	49	0.7354621802512107	0.04515082467270431	0.18231721646248125	0.03706977861360404
828AAFF38C	50	0.030828893894808477	0.7483093471963126	0.14822930568554263	0.07263245322333624
828AAFF38C	51	0.407468301160146	0.33593935216286924	0.203865201788869	0.05272714488811562
828AAFF38C	52	0.423634879797385	0.06694892337434495	0.1945050276298875	0.31491116919838263
828AAFF38C	53	0.28491353966618693	0.40636243266140976	0.25373231559500375	0.05499171207739906
828AAFF38C	54	0.0517539423640292	0.5053296820327375	0.1934256231280039	0.24949075247522953
828AAFF38C	55	0.8059222541066842	0.07234238735897802	0.10730975026259117	0.014425608271746545
828AAFF38C	56	0.956958137592694	0.008580746776678017	0.03291986028897379	0.0015412553416543748
828AAFF38C	57	0.11990553090159269	0.6047739965970642	0.20755617307071075	0.06776429943063215
828AAFF38C	58	0.35941337683948676	0.11280427503218356	0.2256524998764717	0.30212984825185807
828AAFF38C	59	0.79341372700391	0.02452691867382926	0.16663505815511154	0.015424296167149442
828AAFF38C	60	0.08787643372380818	0.6139576543121967	0.15324312740282875	0.14492278456116633
828AAFF38C	61	0.06311131132084292	0.8081239951596945	0.11021335506879165	0.018551338450670665
828AAFF38C	62	0.04891663865905745	0.4866538678448128	0.40513391014497346	0.059295583351156256
828AAFF38C	63	0.07427701856785814	0.5710285287961826	0.3042268605149571	0.05046759212100265
828AAFF38C	64	0.6214096021605727	0.038724340364277764	0.21074603872677278	0.12912001874837684
828AAFF38C	65	0.11283329030409961	0.36587239066693744	0.1582676807080275	0.36302663832093574
828AAFF38C	66	0.7115468194090034	0.11010133852066502	0.11155060464737025	0.06680123742296114
828AAFF38C	67	0.020983765415202225	0.5044071253917127	0.23859673389444494	0.23601237529864028
828AAFF38C	68	0.9272450027354535	0.017334221094803457	0.050715295778583525	0.004705480391159543
828AAFF38C	69	0.7987826277883101	0.03382491469340778	0.14175387188457325	0.025638585633708976
828AAFF38C	70	0.20057082080333258	0.5824337715496875	0.14915038402467803	0.06784502362230183
828AAFF38C	71	0.8452076673605738	0.048339002055857505	0.07193369122384391	0.034519639359724644
828AAFF38C	72	0.2818694308068325	0.20785996614129723	0.21645718622026647	0.2938134168316034
828AAFF38C	73	0.24383235492051594	0.099670345789218	0.11927352667443802	0.5372237726158282
828AAFF38C	74	0.8519443182369173	0.03100218735464262	0.1032948085460243	0.013758685862415888
828AAFF38C	75	0.8672202272350864	0.010485616070830883	0.05426733874786035	0.06802681794622224
828AAFF38C	76	0.09222063522556503	0.31299596170043537	0.17721040043214403	0.4175730026418559
828AAFF38C	77	0.6404138752082149	0.11712536630708067	0.15920053499253803	0.08326022349216619
828AAFF38C	78	0.7938702641027	0.08943216036195718	0.10158456776371765	0.015113007771625105
828AAFF38C	79	0.027478180058334207	0.8384941502534934	0.10778438943941115	0.02624328024876102
828AAFF38C	80	0.9661608041075304	0.008206943467361009	0.021972109622472508	0.0036601428026361705
828AAFF38C	81	0.027944608981880857	0.7493891498088855	0.10932280720150632	0.11334343400772742
828AAFF38C	82	0.03231514137637433	0.6280913487793546	0.19921045582466027	0.14038305401961074
828AAFF38C	83	0.016592239507226863	0.4174272436545988	0.3391586129982443	0.2268219038399298
828AAFF38C	84	0.05362620127620541	0.7429383503139431	0.12470386431624902	0.07873158409360274
828AAFF38C	85	0.08127359689569273	0.7397500831659934	0.15578833623056015	0.023187983707753518
828AAFF38C	86	0.03173560557589653	0.8135542985716873	0.113709879997772	0.04100021585464448
828AAFF38C	87	0.029399337318394416	0.47719271238937816	0.1999162514707346	0.29349169882149256
828AAFF38C	88	0.02797718143331436	0.6516909275478883	0.2294631299140145	0.09086876110478315
828AAFF38C	89	0.8155567381354338	0.057171128792667204	0.09449662104923559	0.03277551202266344
828AAFF38C	90	0.04876652440638992	0.6119791600854497	0.28573433516897917	0.05351998033918132
828AAFF38C	91	0.04277963953415844	0.19241766749469305	0.43048739873411446	0.3343152942370337
828AAFF38C	92	0.11579793082460292	0.4645129113507049	0.22731277604968278	0.19237638177500965
828AAFF38C	93	0.0326252159707177	0.37739608958967547	0.4381516302262444	0.15182706421336245
828AAFF38C	94	0.015877966464353455	0.8943594200481128	0.06290939541179526	0.026853218075738965
828AAFF38C	95	0.30301716360616576	0.05007044272217104	0.16665136844382047	0.4802610252278425
828AAFF38C	96	0.014368714005836176	0.1839505443102571	0.3823493234056074	0.4193314182782993
828AAFF38C	97	0.0610485848994601	0.4628392787767603	0.3454900693474559	0.13062206697632364
828AAFF38C	98	0.02563814471055629	0.23074436856155373	0.44753909141536885	0.29607839531252095
