Source Name	Cell ID	archetype 1	archetype 2	archetype 3	archetype 4
77135D126D	1	0.9831025379512621	0.0026787669821359524	0.012809754828867724	0.0014089402377341312
77135D126D	2	0.9683464423591769	0.003961460890360297	0.024875287833894186	0.002816808916569021
77135D126D	3	0.963171568606073	0.006157369803524786	0.018515962620223644	0.012155098970178921
77135D126D	4	0.3910477326361333	0.5283245171526061	0.07787851751864637	0.002749232692614376
77135D126D	5	0.14789916099984177	0.12340598094680608	0.6589633523747424	0.0697315056786094
77135D126D	6	0.9851357164735915	0.003754074976865546	0.00971705989679324	0.0013931486527499165
77135D126D	7	0.3936386185200204	0.05993488664569696	0.2792470257010581	0.267179469133224
77135D126D	8	0.8074869149536434	0.1176962549050624	0.0615953756251647	0.01322145451612956
77135D126D	9	0.15337711897434955	0.6987657640431091	0.1444072898068841	0.0034498271756570995
77135D126D	10	0.9580105282520981	0.013500395201881817	0.02792275978031072	0.0005663167657094946
77135D126D	11	0.6516495332428458	0.0835369091426834	0.1581445987270388	0.10666895888743225
77135D126D	12	0.9798598909216367	0.004180866513705073	0.014315820477576569	0.0016434220870813084
77135D126D	13	0.8922600863053007	0.05491596798914512	0.04826472134293905	0.004559224362615006
77135D126D	14	0.06903291222225298	0.6967954784065894	0.1453673095917571	0.08880429977940055
77135D126D	15	0.06099548191176869	0.31894841795259443	0.5783163012717626	0.04173979886387446
77135D126D	16	0.27017069752499545	0.16334826460108662	0.5332531433131159	0.03322789456080191
77135D126D	17	0.9655149875375443	0.0018109396529454047	0.030569783951762547	0.002104288857747469
77135D126D	18	0.4195682412192779	0.18683453271496153	0.37906261321773144	0.014534612848029293
77135D126D	19	0.9424872678265117	0.006703202850408623	0.021733556858567232	0.029075972464512212
77135D126D	20	0.23954612404797695	0.2608486821423009	0.4385443091912106	0.06106088461851148
77135D126D	21	0.5499574627858055	0.3634123617342662	0.0782241646166691	0.008406010863259079
77135D126D	22	0.7497645885487888	0.0862795450196078	0.1541691825891606	0.009786683842443375
77135D126D	23	0.9478827390262743	0.009274352706845823	0.03691256363657154	0.005930344630308463
77135D126D	24	0.011459294831806546	0.7156995674645176	0.16613962269575547	0.10670151500792019
77135D126D	25	0.4538703472339808	0.01828525872975436	0.05310530766012856	0.4747390863761362
77135D126D	26	0.4260640176847548	0.2716527618579877	0.29123265047160507	0.011050569985652275
77135D126D	27	0.03550647587356293	0.5564226579469032	0.38585058046686793	0.022220285712666026
77135D126D	28	0.8442722724960765	0.0137298879663629	0.036534843644614026	0.10546299589294653
77135D126D	29	0.8200770944705251	0.08331528652169048	0.08716855220108542	0.009439066806699276
77135D126D	30	0.3785768069085866	0.2438307187075645	0.30509633156030064	0.07249614282354848
77135D126D	31	0.34383171132044266	0.0993626523949335	0.5487165924634337	0.008089043821189745
77135D126D	32	0.003601635419146246	0.1955767277296188	0.794215180935457	0.006606455915778009
77135D126D	33	0.788887381273066	0.16613003260363166	0.040784504123549885	0.00419808199975266
77135D126D	34	0.06280112272404462	0.17392728674873698	0.4367712670027689	0.3265003235244496
77135D126D	35	0.7266282959451497	0.02548601613142723	0.06855647694082158	0.17932921098260138
77135D126D	36	0.0020233827410504755	0.3730968829899791	0.6199659572456142	0.004913777023356141
77135D126D	37	0.04419141567605189	0.5124175850104199	0.4373052215910398	0.006085777722488443
77135D126D	38	0.050813414263047064	0.8216350338369325	0.11903692830986803	0.008514623590152162
77135D126D	39	0.3629849809417714	0.11766878568058346	0.5115906123482497	0.0077556210293954495
77135D126D	40	0.014730258647025811	0.6448397269036696	0.3355754731507407	0.004854541298563618
77135D126D	41	0.05855760318466324	0.6977267679335335	0.2120263570393385	0.03168927184246475
77135D126D	42	0.015220160034216241	0.7246050520681431	0.2327694303326403	0.027405357565000694
77135D126D	43	0.667407070948277	0.22511821176848018	0.10221063930798335	0.005264077975259416
77135D126D	44	0.7454047306167705	0.007364154207006531	0.24278440836019247	0.004446706816030473
77135D126D	45	0.8788714283028146	0.004047527747052661	0.0998168098842873	0.01726423406584547
77135D126D	46	0.2722810337078965	0.22707763296477565	0.38471433552025375	0.11592699780707398
77135D126D	47	0.1399279210993679	0.4068245742060173	0.40845637285062186	0.044791131843992936
77135D126D	48	0.0030976134308536864	0.017412359147641568	0.04690352657448891	0.9325865008470159
77135D126D	49	0.9048206983496173	0.02230099875599672	0.07026388710644996	0.002614415787936335
77135D126D	50	0.9693849442174517	0.005324058512090532	0.022170192144065425	0.003120805126392458
77135D126D	51	0.10825938573439799	0.04981157163700713	0.017162252078598998	0.8247667905499959
77135D126D	52	0.05734182384385979	0.6273392246022196	0.21959262336134694	0.09572632819257329
77135D126D	53	0.40349742048126164	0.5051921270461166	0.0820538825254958	0.00925656994712587
77135D126D	54	0.3615711208289768	0.4628723675888003	0.15662350576753664	0.018933005814686685
77135D126D	55	0.6968472734529354	0.020042440604799344	0.26237194095015354	0.020738344992111784
77135D126D	56	0.00861487940759563	0.4495617578153684	0.5390555437879881	0.002767818989047579
77135D126D	57	0.6918648772634124	0.0927444419765516	0.19692110038602675	0.01846958037400922
77135D126D	58	0.3320016285796323	0.5208443895186411	0.1407204854652913	0.0064334964364354255
77135D126D	59	0.01691864526041626	0.7751979381336348	0.20308035533243127	0.004803061273517915
77135D126D	60	0.17255938681012245	0.7295067403202933	0.08837043296494536	0.009563439904639037
77135D126D	61	0.728105098199707	0.012124455628738904	0.24907046091174764	0.01069998525980645
77135D126D	62	0.6754333409365119	0.15817601725598357	0.11761242102836732	0.048778220779137633
77135D126D	63	0.5724336731732809	0.056621900865215666	0.28511242194622693	0.08583200401527662
77135D126D	64	0.012842941913564063	0.9261043054124797	0.05740804924349519	0.0036447034304609755
77135D126D	65	0.604171485231733	0.02688052147810217	0.2733707004922684	0.09557729279789623
77135D126D	66	0.14480752741803934	0.10167450496460981	0.03328713948462613	0.7202308281327249
77135D126D	67	0.009788480070075123	0.13411735594018434	0.32397647060860674	0.5321176933811338
77135D126D	68	0.034397368830351174	0.7116573493375418	0.24708159613172193	0.0068636857003848036
77135D126D	69	0.025728972871495618	0.7902466658139574	0.16279415670948685	0.021230204605060168
77135D126D	70	0.003909405154423633	0.0775469184337714	0.8206159368911528	0.09792773952065197
77135D126D	71	0.0009341696933408257	0.002148575494897097	0.011430341623895066	0.9854869131878671
77135D126D	72	0.043349825214835304	0.5862657678006324	0.32139408240823214	0.04899032457630023
77135D126D	73	0.19931710067528968	0.6853388786657848	0.11192493106997337	0.0034190895889524026
77135D126D	74	0.0779003516246635	0.7393790660420412	0.152626765175358	0.03009381715793758
77135D126D	75	0.07953984712694792	0.29323922741828523	0.6187541460053841	0.00846677944938256
77135D126D	76	0.08412279973044269	0.7647622928959844	0.08337039536576538	0.06774451200780753
77135D126D	77	0.0419154958865531	0.7050674015656059	0.22973800080431564	0.023279101743525252
77135D126D	78	0.007767727682531119	0.9084742547829295	0.07881896699148425	0.004939050543054888
77135D126D	79	0.005416916163077884	0.011548002046313455	0.11390377469888342	0.8691313070917253
77135D126D	80	0.017581212429810974	0.9115361361505261	0.055426732453090766	0.01545591896657228
77135D126D	81	0.007686020010711394	0.10184194810298898	0.7452826020873173	0.14518942979898206
77135D126D	82	0.018123968351833282	0.7115731995925063	0.17183987376990298	0.09846295828575752
77135D126D	83	0.06519992125777091	0.35474074714824644	0.5645171520502728	0.015542179543709844
77135D126D	84	0.006996647467273897	0.7802862101746821	0.2042586880875069	0.008458454270536925
77135D126D	85	0.05306414035948042	0.4859477434907923	0.2458523175890489	0.21513579856067838
77135D126D	86	0.0013234820041652688	0.023585674364083053	0.019537874038688407	0.9555529695930637
77135D126D	87	0.0006196999732662226	0.003626361236918407	0.01626747954055902	0.9794864592492564
77135D126D	88	0.017893606834549446	0.1830775465424691	0.747973186755569	0.051055659867412485
77135D126D	89	0.0043192587936354875	0.9283810907491854	0.06458377566021072	0.002715874796968154
77135D126D	90	0.00663311715088287	0.8182413281540712	0.13909408915583787	0.03603146553920774
77135D126D	91	1.2082172405975e-06	1.6608103346715773e-06	1.894178866614575e-06	0.9999952367935582
77135D126D	92	0.0034196108008149343	0.4212806170456208	0.33471557251230616	0.24058419964125774
77135D126D	93	0.03831148798298961	0.30291044315335053	0.4379626558667501	0.22081541299690968
77135D126D	94	0.020837030864462282	0.47378499823473613	0.4690587340113639	0.03631923688943782
77135D126D	95	0.007565417396059188	0.8526481587745353	0.12816904576419363	0.011617378065211868
77135D126D	96	0.007583272313784531	0.7791525511506496	0.2107309308973197	0.002533245638246165
77135D126D	97	0.0013529863370431606	0.0726643616282268	0.029549372271060886	0.8964332797636692
77135D126D	98	0.024600065113343457	0.7218405837920546	0.2141126046239261	0.03944674647067553
77135D126D	99	0.00513195782976344	0.829992554527773	0.15992754736159376	0.004947940280869802
77135D126D	100	0.007598578750144609	0.7666360186256277	0.22144301249071288	0.004322390133514732
77135D126D	101	0.03732711290042611	0.5253916049808386	0.2737283677716318	0.1635529143471035
77135D126D	102	0.00025624023436863737	0.02057730761887923	0.017095902002059328	0.9620705501446929
77135D126D	103	0.005205368664651547	0.8504844914439353	0.14040484837838282	0.0039052915130305546
77135D126D	104	0.0024567511051083422	0.7718906967917439	0.18640211959962236	0.039250432503525313
77135D126D	105	0.0031836922561231146	0.8731229486432911	0.11973995329346719	0.003953405807118557
77135D126D	106	0.0030061676322499114	0.02551482707193887	0.796611800165157	0.17486720513065415
