Source Name	Cell ID	archetype 1	archetype 2	archetype 3	archetype 4
DAA0F8D3A9	1	0.5205441469118416	0.143227310396503	0.24100495970585	0.0952235829858055
DAA0F8D3A9	2	0.05621922872768619	0.6361167860482357	0.1790480926348338	0.12861589258924438
DAA0F8D3A9	3	0.14590118392838303	0.585162982297485	0.1814765738687276	0.0874592599054045
DAA0F8D3A9	4	0.8415971219344698	0.04189930178704109	0.10465681764253788	0.011846758635951006
DAA0F8D3A9	5	0.6296444430190918	0.217705214255985	0.13310501806486555	0.019545324660057754
DAA0F8D3A9	6	0.882397941436841	0.02883164968225153	0.08591906246402792	0.002851346416879598
DAA0F8D3A9	7	0.6729665389735798	0.11113548615373259	0.2049117763467528	0.010986198525934672
DAA0F8D3A9	8	0.8314484741613857	0.09413901313045915	0.06776464248396351	0.006647870224191733
DAA0F8D3A9	9	0.9759162995675811	0.003028540524044059	0.019264799725449117	0.0017903601829255468
DAA0F8D3A9	10	0.6233032802176525	0.11830073672227061	0.17199550291502047	0.08640048014505662
DAA0F8D3A9	11	0.9386930784468964	0.0070247111949587	0.05303510467255316	0.0012471056855920793
DAA0F8D3A9	12	0.5484271720680693	0.18343551701833444	0.1761836219047509	0.09195368900884526
DAA0F8D3A9	13	0.7685311185743762	0.05317554326204408	0.12103998824711332	0.05725334991646654
DAA0F8D3A9	14	0.019501589041500757	0.22138926310925028	0.22312778072339035	0.5359813671258583
DAA0F8D3A9	15	0.9610062150445687	0.014418835559689515	0.023124503083968823	0.0014504463117729445
DAA0F8D3A9	16	0.9076308827530614	0.029232484637915696	0.054581085994515686	0.008555546614507551
DAA0F8D3A9	17	0.12540636046723613	0.2931710830507768	0.16370431288978032	0.41771824359220666
DAA0F8D3A9	18	0.23243235225259337	0.347514106978565	0.2674649138933913	0.15258862687545027
DAA0F8D3A9	19	0.7797556686996646	0.0449542749427944	0.12800601290128583	0.04728404345625524
DAA0F8D3A9	20	0.11269526723113449	0.643234824236264	0.22132671830326223	0.022743190229339367
DAA0F8D3A9	21	0.3019319736941921	0.5213155434401414	0.1472037626405145	0.029548720225151898
DAA0F8D3A9	22	0.07870069003436371	0.6248240310832922	0.24046707748849033	0.056008201393853596
DAA0F8D3A9	23	0.039413104229899854	0.516392403561792	0.18142984062999348	0.26276465157831436
DAA0F8D3A9	24	0.007189289553664018	0.5963886517241437	0.11860070406496542	0.2778213546572269
DAA0F8D3A9	25	0.10514816053001753	0.6785486001980479	0.2029716880953746	0.013331551176560012
DAA0F8D3A9	26	0.06243108688747449	0.7006644403904141	0.18019787773941814	0.056706594982693155
DAA0F8D3A9	27	0.49636854777583395	0.2545630477666646	0.16791786621971652	0.08115053823778484
DAA0F8D3A9	28	0.08337645537938655	0.5746112248288214	0.18074859784534866	0.16126372194644334
DAA0F8D3A9	29	0.07082888435862483	0.2625127680816823	0.1567619388872643	0.5098964086724287
DAA0F8D3A9	30	0.30409182627022485	0.4399940373106731	0.17559263903850894	0.08032149738059367
DAA0F8D3A9	31	0.6014229027063116	0.1773838378187712	0.2020197682458583	0.01917349122905908
DAA0F8D3A9	32	0.7771242209972746	0.09326589879442032	0.10560632922771798	0.02400355098058716
DAA0F8D3A9	33	0.020378749901688024	0.05577734935412624	0.08608727427679137	0.8377566264673945
DAA0F8D3A9	34	0.08696012154381598	0.731665219896015	0.16860799728966408	0.012766661270505287
DAA0F8D3A9	35	0.015296045442033735	0.5506209404238688	0.13323534773965642	0.3008476663944408
DAA0F8D3A9	36	0.27232857020976997	0.39773093296760265	0.20320716027880684	0.12673333654382044
DAA0F8D3A9	37	0.0197606865318985	0.7460283954224539	0.17167903450188848	0.06253188354375927
DAA0F8D3A9	38	0.04489264009225926	0.7323897857046124	0.16469433498298927	0.058023239220138974
DAA0F8D3A9	39	0.7251975081303368	0.059546070608123065	0.12813657309109902	0.08711984817044116
DAA0F8D3A9	40	0.47102447330265285	0.09325485453036324	0.16317518916562057	0.2725454830013634
DAA0F8D3A9	41	0.8220071286673298	0.051961215676088204	0.1045226202131491	0.02150903544343318
DAA0F8D3A9	42	0.054001225349625454	0.47308276237927976	0.23083535171180608	0.2420806605592885
DAA0F8D3A9	43	0.6535738883047179	0.11460658916517694	0.13986537587630712	0.0919541466537982
DAA0F8D3A9	44	0.32011870930050207	0.2726572449408362	0.18255179182155723	0.22467225393710424
DAA0F8D3A9	45	0.9760652108591514	0.006430848239696856	0.015723852241112387	0.0017800886600396416
DAA0F8D3A9	46	0.9580227530014982	0.008139657284562793	0.030486572957958744	0.0033510167559803366
DAA0F8D3A9	47	0.03678649973268536	0.36016263672646087	0.15177846096466507	0.45127240257618867
DAA0F8D3A9	48	0.8882495712519051	0.0574649620874948	0.040781521600380344	0.013503945060219796
DAA0F8D3A9	49	0.046904225666007146	0.6296841707410934	0.28990708370811613	0.03350451988478316
DAA0F8D3A9	50	0.7404221522223728	0.1331463143883612	0.10773634196885622	0.018695191420409988
DAA0F8D3A9	51	0.49334469240762535	0.33888116783703287	0.15183109255961505	0.015943047195726704
DAA0F8D3A9	52	0.6958133310478984	0.12283481874467514	0.14377353035993587	0.03757831984749043
DAA0F8D3A9	53	0.9197018806734057	0.018785394193731566	0.05072854384737095	0.010784181285491657
DAA0F8D3A9	54	0.03169814332249053	0.36750489171386896	0.1148532291910764	0.48594373577256406
DAA0F8D3A9	55	0.05279890775540256	0.5280856448665223	0.3485307064286805	0.07058474094939451
DAA0F8D3A9	56	0.012148906510535016	0.47229351582728035	0.30527561339314824	0.21028196426903656
DAA0F8D3A9	57	0.18791330099778458	0.509654116251623	0.19072224271748828	0.11171034003310394
DAA0F8D3A9	58	0.3971106114391597	0.3575155950968707	0.1705929544563139	0.07478083900765539
DAA0F8D3A9	59	0.3871538739136564	0.17171931796999163	0.13290234162003087	0.3082244664963214
DAA0F8D3A9	60	0.04047373747777405	0.5708516223957932	0.21214868209041127	0.1765259580360212
DAA0F8D3A9	61	0.012946919003612667	0.10331346883353126	0.15182477755697948	0.7319148346058767
DAA0F8D3A9	62	0.17954326476073218	0.4217193824902252	0.22348084916632066	0.1752565035827217
DAA0F8D3A9	63	0.8186581468379408	0.07146905477283447	0.0939721624470899	0.015900635942134794
DAA0F8D3A9	64	0.5461164695019092	0.18232824529626046	0.16789802312800733	0.10365726207382313
DAA0F8D3A9	65	0.7825149487516025	0.10213785408517942	0.1051046538790996	0.01024254328411863
DAA0F8D3A9	66	0.26085483815164184	0.35502673088883197	0.24384128655991438	0.14027714439961197
DAA0F8D3A9	67	0.5725080871182715	0.21020605047018215	0.1522012868568319	0.06508457555471456
DAA0F8D3A9	68	0.6034103964439489	0.249573476963599	0.11266552629871364	0.03435060029373832
DAA0F8D3A9	69	0.8176859034649396	0.05639305177669334	0.09672679805785307	0.029194246700513998
DAA0F8D3A9	70	0.07104021188197958	0.27188125023924536	0.29725944570076035	0.3598190921780146
DAA0F8D3A9	71	0.33830945116343125	0.3360085300150761	0.11671726147852408	0.2089647573429688
DAA0F8D3A9	72	0.11674155571779796	0.18434198081497538	0.25537525612435047	0.44354120734287633
DAA0F8D3A9	73	0.178082674077646	0.2721958925251072	0.2489297916913054	0.30079164170594136
DAA0F8D3A9	74	0.7985261160915751	0.06010172836839172	0.11101207162093167	0.03036008391910136
DAA0F8D3A9	75	0.043271634397277804	0.6556292577983126	0.22581080890151425	0.07528829890289573
DAA0F8D3A9	76	0.45012288377803006	0.1904982238067359	0.2419792268315346	0.11739966558369952
DAA0F8D3A9	77	0.166986817405898	0.24842048857849555	0.3185078306986629	0.2660848633169435
DAA0F8D3A9	78	0.2935222917514552	0.31444318070234983	0.3486157908168339	0.04341873672936097
DAA0F8D3A9	79	0.14968773275571354	0.46576232024829195	0.21073196856358195	0.17381797843241237
DAA0F8D3A9	80	0.15715262414335796	0.6842747730828893	0.11275842812905831	0.04581417464469444
DAA0F8D3A9	81	0.00731922933295746	0.20510369935442277	0.13906524588172767	0.6485118254308923
DAA0F8D3A9	82	0.4600677171118412	0.3003814996986972	0.15322689803044556	0.08632388515901596
DAA0F8D3A9	83	0.05451503835837395	0.3715200319080375	0.3486113420853265	0.22535358764826194
DAA0F8D3A9	84	0.22502076650065364	0.5274007730468698	0.12497701336573261	0.12260144708674393
DAA0F8D3A9	85	0.04504763469836818	0.37364359158213223	0.27626555184183166	0.305043221877668
DAA0F8D3A9	86	0.17233415103134375	0.43871998088375047	0.2536141574133614	0.13533171067154426
DAA0F8D3A9	87	0.104320358746337	0.7526173000613611	0.09416201565580118	0.048900325536500755
DAA0F8D3A9	88	0.5682398076493473	0.12014178111901483	0.1378065189127101	0.17381189231892738
DAA0F8D3A9	89	0.07861668318820673	0.32098533909470534	0.30303792606781	0.29736005164927803
DAA0F8D3A9	90	0.21183443656293896	0.49328737060667704	0.13572068395488635	0.15915750887549743
DAA0F8D3A9	91	0.3085513919651963	0.44314524546876305	0.16192064825825353	0.08638271430778686
DAA0F8D3A9	92	0.20333415113295364	0.28463470410581676	0.2442221981165687	0.26780894664466093
DAA0F8D3A9	93	0.4794810119818238	0.30341487830473923	0.16225288624582587	0.05485122346761094
DAA0F8D3A9	94	0.9358325947238985	0.010416883543078206	0.04020848471019343	0.013542037022830028
DAA0F8D3A9	95	0.031127041846312292	0.7814132630543683	0.1292247059598103	0.05823498913950925
DAA0F8D3A9	96	0.1001439529713708	0.1788375981066912	0.175328833188763	0.5456896157331752
DAA0F8D3A9	97	0.025000833333875736	0.5833523245946983	0.28207185378964345	0.10957498828178242
DAA0F8D3A9	98	0.5396489292608238	0.029895578067993197	0.14666196602232526	0.283793526648858
DAA0F8D3A9	99	0.21418286781052226	0.48998054891974724	0.2507632832325266	0.04507330003720365
DAA0F8D3A9	100	0.4215686206839989	0.3586939136626495	0.15923555086765676	0.06050191478569454
DAA0F8D3A9	101	0.23998119889109312	0.4140536603463336	0.24433315605335004	0.10163198470922295
DAA0F8D3A9	102	0.24720678403828228	0.49844435685413346	0.18037070322403967	0.0739781558835446
DAA0F8D3A9	103	0.07436403754347849	0.21793102596588781	0.1392385470733986	0.5684663894172347
DAA0F8D3A9	104	0.009747778967573556	0.28221318796705536	0.11307151078222824	0.594967522283143
DAA0F8D3A9	105	0.21819965750228543	0.3381732320572521	0.24170118910167016	0.201925921338792
DAA0F8D3A9	106	0.01011664761614355	0.42096203970264506	0.33443311313129986	0.23448819954991174
DAA0F8D3A9	107	0.013669786714804242	0.21628371507980731	0.16933405393388284	0.6007124442715056
DAA0F8D3A9	108	0.026852853101249446	0.1567431285377409	0.21224999529225863	0.6041540230687509
DAA0F8D3A9	109	0.015337335379225915	0.29932068224568253	0.17080966864931446	0.5145323137257771
DAA0F8D3A9	110	0.10445101324853492	0.296721697814694	0.22460795370916087	0.3742193352276103
DAA0F8D3A9	111	0.01032403337885438	0.3280466012667756	0.13097586806963682	0.5306534972847331
DAA0F8D3A9	112	0.009574341871399508	0.2188187524262668	0.35212955366386883	0.41947735203846503
