Source Name	Cell ID	archetype 1	archetype 2	archetype 3	archetype 4
0E48AB134C	1	0.1940247334565664	0.35093531634852065	0.40927980950711546	0.04576014068779775
0E48AB134C	2	0.8419391014415718	0.04016807081034578	0.10307465956590069	0.01481816818218157
0E48AB134C	3	0.5914755826913239	0.14653411241087605	0.10231074369506267	0.15967956120273688
0E48AB134C	4	0.18831623198692965	0.28896279120054125	0.19675552165709084	0.3259654551554381
0E48AB134C	5	0.9955288812608398	2.7840090937248736e-05	0.0043373143436753634	0.00010596430454732024
0E48AB134C	6	0.6043474609877183	0.2542747622920506	0.13281594560746438	0.008561831112766616
0E48AB134C	7	0.6790684926941859	0.11970836429501548	0.18016487066059672	0.021058272350202134
0E48AB134C	8	0.39053176507828397	0.395614037467753	0.1984180770613675	0.015436120392595568
0E48AB134C	9	0.09229349593338554	0.7576256769425657	0.12336489339163303	0.0267159337324157
0E48AB134C	10	0.6236059465761815	0.13665952167424028	0.1768535351790743	0.06288099657050403
0E48AB134C	11	0.6036473597071568	0.24879204000596394	0.13485556186000922	0.01270503842687006
0E48AB134C	12	0.9257850761809003	0.019669821165340908	0.04792045484461861	0.006624647809139904
0E48AB134C	13	0.3513352068538921	0.4056983782897532	0.23001274308988084	0.012953671766473928
0E48AB134C	14	0.9468557950193485	0.011405824101078895	0.03950679354721054	0.0022315873323620326
0E48AB134C	15	0.06321606754090214	0.37471156124187366	0.1506457666758667	0.41142660454135754
0E48AB134C	16	0.013867071440095755	0.46251661108638953	0.2604182295106764	0.26319808796283817
0E48AB134C	17	0.17246941368928853	0.3841565602352295	0.2589505833924059	0.184423442683076
0E48AB134C	18	0.17402003645306807	0.42719457658777116	0.35787353791709287	0.04091184904206818
0E48AB134C	19	0.7355235952400355	0.1274489263589285	0.11786291075258115	0.0191645676484548
0E48AB134C	20	0.9247586758020014	0.022635065203006517	0.049304331863821785	0.0033019271311699426
0E48AB134C	21	0.5766230518735969	0.24013285611204468	0.1490480142319693	0.03419607778238933
0E48AB134C	22	0.18782760762630354	0.561087843831299	0.14013711511570848	0.11094743342668896
0E48AB134C	23	0.4041112800228672	0.3504574870608475	0.15815715382927992	0.08727407908700535
0E48AB134C	24	0.011727119592290886	0.5169017390820335	0.1226380782000181	0.34873306312565766
0E48AB134C	25	0.2511041763182837	0.5934839944711192	0.11938653770110824	0.03602529150948867
0E48AB134C	26	0.08542227443689737	0.5342245242352854	0.35930788803935687	0.02104531328846025
0E48AB134C	27	0.2440937734374113	0.5051095735154129	0.22856802783162825	0.02222862521554766
0E48AB134C	28	0.6728964564000139	0.051411115622559116	0.19033899788439798	0.08535343009302915
0E48AB134C	29	0.8486293555974812	0.07520053479518225	0.06896692940399746	0.007203180203339275
0E48AB134C	30	0.04568819003250234	0.6893067609626427	0.24758304777429702	0.017422001230558263
0E48AB134C	31	0.050784911103624396	0.7040762123708192	0.11753602771762822	0.1276028488079285
0E48AB134C	32	0.5048802007539243	0.10391340737927572	0.12265284031248093	0.2685535515543192
0E48AB134C	33	0.45549806387660746	0.40185980182938763	0.1270647577616228	0.015577376532381997
0E48AB134C	34	0.2785747534234826	0.31167067995888853	0.26248926978875925	0.14726529682886957
0E48AB134C	35	0.12135486239837659	0.5345653665339143	0.2050111851056838	0.13906858596202504
0E48AB134C	36	0.8773335144583108	0.05852706909906628	0.05645529486306227	0.007684121579560747
0E48AB134C	37	0.05065279986597197	0.35396860821772436	0.23180653352609104	0.3635720583902127
0E48AB134C	38	0.29382230369680845	0.3719661647656882	0.21862020180656608	0.11559132973093732
0E48AB134C	39	0.02964903615489369	0.6419819431843181	0.3067341659059867	0.0216348547548013
0E48AB134C	40	0.6517843122706576	0.24373317259840965	0.09567912628618176	0.008803388844750902
0E48AB134C	41	0.34358763409144916	0.2850360215966097	0.18586139640798705	0.18551494790395412
0E48AB134C	42	0.05447691756805	0.5583668749681667	0.179898569915203	0.2072576375485804
0E48AB134C	43	0.6789262166570114	0.21074883574870895	0.10438891161570749	0.005936035978572081
0E48AB134C	44	0.07690453379602523	0.5943480565421028	0.15900929325874558	0.16973811640312647
0E48AB134C	45	0.6645709415315456	0.0969547538712366	0.14087195129890423	0.09760235329831395
0E48AB134C	46	0.06623584065851754	0.7726579940155511	0.0997201602103984	0.061386005115533014
0E48AB134C	47	0.025754952291668503	0.667361681157639	0.2462117354628439	0.06067163108784857
0E48AB134C	48	0.9663359392994667	0.009060840822096971	0.023565181544223344	0.001038038334213023
0E48AB134C	49	0.21917360648864492	0.5589407421583183	0.17908134832910388	0.04280430302393277
0E48AB134C	50	0.02513714425525237	0.47349525482012006	0.23502997844512122	0.26633762247950615
0E48AB134C	51	0.10704920112972255	0.44678745607547476	0.2337423464524402	0.21242099634236253
0E48AB134C	52	0.046733631706377704	0.44643027671265917	0.3191178956987145	0.18771819588224864
0E48AB134C	53	0.33278413798664547	0.5268158505822257	0.11128436281613673	0.029115648614992405
0E48AB134C	54	0.030569926301224733	0.7377395783171624	0.19245102016031243	0.039239475221300196
0E48AB134C	55	0.06315615220221615	0.6632966156003945	0.24758332390689664	0.025963908290492527
0E48AB134C	56	0.29240435953268085	0.5419448595433818	0.12902644712644049	0.03662433379749694
0E48AB134C	57	0.13858977154691998	0.7438917617540348	0.1099010597292897	0.007617406969755685
0E48AB134C	58	0.6475185648277328	0.21028034669811227	0.11242596916344398	0.02977511931071111
0E48AB134C	59	0.011218861058256884	0.8527417016933022	0.10886922352457658	0.027170213723864335
0E48AB134C	60	0.020981830748338662	0.3849782517734972	0.19139486058854796	0.4026450568896162
0E48AB134C	61	0.7681603793502454	0.06183746250349139	0.11517000476929604	0.05483215337696709
0E48AB134C	62	0.9299624101888535	0.024608595364907452	0.04116873460960706	0.004260259836632192
0E48AB134C	63	0.34551268517077655	0.27984242737805076	0.2915630452489807	0.08308184220219192
0E48AB134C	64	0.6869717730823266	0.07673183690910558	0.16514548279632416	0.07115090721224347
0E48AB134C	65	0.025089111376932517	0.7230313774886142	0.14426181878525565	0.1076176923491976
0E48AB134C	66	0.1460747611274209	0.3521407909551881	0.32010195574157324	0.18168249217581758
0E48AB134C	67	0.7603485854862864	0.11733274006263908	0.09162158475606094	0.030697089695013845
0E48AB134C	68	0.08303855596391477	0.7661239696046056	0.10845262472692761	0.04238484970455214
0E48AB134C	69	0.07634892188551747	0.42247062910529015	0.21537741799126678	0.28580303101792565
0E48AB134C	70	0.013931702680743088	0.6734402506138593	0.16327401746641135	0.1493540292389864
0E48AB134C	71	0.7559764566763305	0.10511658989447875	0.11766935786876559	0.02123759556042484
0E48AB134C	72	0.03397726486633663	0.6187187109621366	0.20453720965841418	0.1427668145131126
0E48AB134C	73	0.20206775849139036	0.5073507273184324	0.23642617987323591	0.05415533431694121
0E48AB134C	74	0.006702188849450417	0.745830168043818	0.13730294350734276	0.11016469959938867
0E48AB134C	75	0.06970356407238873	0.5357303996714665	0.2629233854124136	0.13164265084373125
0E48AB134C	76	0.5934369414664601	0.15293045123918933	0.14103738461868562	0.11259522267566478
0E48AB134C	77	0.011829599919154343	0.5752935737891396	0.15589797893364998	0.25697884735805604
0E48AB134C	78	0.6191387833793128	0.20031938150826586	0.15744820518306843	0.023093629929352804
0E48AB134C	79	0.07121700839596053	0.4382935560612783	0.31105706834645613	0.17943236719630484
0E48AB134C	80	0.056750114731239844	0.346404535522055	0.28987523633979956	0.30697011340690555
0E48AB134C	81	0.07441637524935425	0.6979082870091402	0.13821575445679582	0.08945958328470988
0E48AB134C	82	0.6317187886149984	0.13474435295089093	0.1875865914047129	0.04595026702939721
0E48AB134C	83	0.012429847371228155	0.24798748690901146	0.1665485459007952	0.5730341198189653
0E48AB134C	84	0.0027749928357816986	0.3266351395228892	0.13926557964543232	0.5313242879958967
0E48AB134C	85	0.20958585211439187	0.20048489813262776	0.24911320939895357	0.34081604035402685
0E48AB134C	86	0.4640107836335782	0.2096016008448714	0.18612872219090762	0.1402588933306426
0E48AB134C	87	0.00922175591733402	0.709263568968595	0.13860642466433684	0.1429082504497341
0E48AB134C	88	0.005635050805888032	0.2636147188189049	0.21804721818911052	0.5127030121860964
0E48AB134C	89	0.12750041812061327	0.32371249127204904	0.22039697194897712	0.3283901186583603
0E48AB134C	90	0.06351713638391744	0.33441455123581865	0.3388162430548478	0.26325206932541595
0E48AB134C	91	0.025454573877637558	0.15671261798642963	0.1965704568614528	0.6212623512744799
0E48AB134C	92	0.054018915434146615	0.7072545059762132	0.12871642330445998	0.11001015528517992
0E48AB134C	93	0.06130679565068217	0.5054766103136944	0.2532213676339073	0.17999522640171606
0E48AB134C	94	0.07049071149827796	0.4222684946583392	0.31980777232257135	0.18743302152081145
0E48AB134C	95	0.0809712737640297	0.5865121822684278	0.22004342579162	0.11247311817592266
0E48AB134C	96	0.6820796880196118	0.1386073945785571	0.09810391091491553	0.08120900648691547
