Source Name	Cell ID	archetype 1	archetype 2	archetype 3	archetype 4
4DC24FC301	1	0.530336836182771	0.2437126523649345	0.21257669869048976	0.013373812761804679
4DC24FC301	2	0.5088287409743456	0.1793145932323005	0.19310793064945828	0.11874873514389583
4DC24FC301	3	0.7083872995587003	0.11546719215250649	0.14866260586872196	0.027482902420071627
4DC24FC301	4	0.39593353940328296	0.42102362849474634	0.1527865719220053	0.030256260179965504
4DC24FC301	5	0.7353122519091475	0.05212119937459155	0.15581248217649807	0.056754066539762865
4DC24FC301	6	0.9203551745700643	0.005210011113224421	0.07175782642104209	0.0026769878956693074
4DC24FC301	7	0.8044001771177798	0.10178469514694274	0.09163832850278195	0.0021767992324957385
4DC24FC301	8	0.0503097248126407	0.7627566400798115	0.14513371953511509	0.04179991557243251
4DC24FC301	9	0.9632028576531992	0.00644647576711452	0.027453732926785317	0.0028969336529007113
4DC24FC301	10	0.9314120173118302	0.011236656903062222	0.055051467221836424	0.002299858563270945
4DC24FC301	11	0.6735542003759406	0.16932990194151462	0.13332175160862833	0.023794146073916528
4DC24FC301	12	0.029661732375750163	0.7382383941218906	0.20688361559642351	0.025216257905935416
4DC24FC301	13	0.7079973885717549	0.15737259313707264	0.10794910566717364	0.02668091262399886
4DC24FC301	14	0.3669364435389772	0.342479108298282	0.24281139591820938	0.047773052244531385
4DC24FC301	15	0.11311856260580888	0.6105200770994808	0.11145579094976146	0.1649055693449489
4DC24FC301	16	0.5758466451314814	0.14304914784694944	0.22384382319191284	0.057260383829656265
4DC24FC301	17	0.5024345453464177	0.25584949253634887	0.17751175971989877	0.06420420239733468
4DC24FC301	18	0.5915069454863505	0.13581660336772522	0.24935980519125495	0.023316645954669507
4DC24FC301	19	0.13593750296323318	0.20382565610819126	0.48905829931529476	0.17117854161328092
4DC24FC301	20	0.6073077901300227	0.17141859509121693	0.17100455433495027	0.0502690604438098
4DC24FC301	21	0.39809071227771736	0.2286628685509496	0.20611178649220574	0.1671346326791274
4DC24FC301	22	0.3449821159255338	0.5065836669641925	0.11810924581675065	0.030324971293523028
4DC24FC301	23	0.08446620473224348	0.5903336009495149	0.2946523736135328	0.03054782070470901
4DC24FC301	24	0.9540803847152207	0.009460183299475273	0.03480828497007953	0.0016511470152243465
4DC24FC301	25	0.6098980820988252	0.12287921426822636	0.251048342553724	0.016174361079224445
4DC24FC301	26	0.3690765772397	0.2642985824220765	0.3529425312480217	0.013682309090201737
4DC24FC301	27	0.6451174238024495	0.05437157972934058	0.2527867055288227	0.04772429093938721
4DC24FC301	28	0.2905142165672987	0.362954647065212	0.31906014275854067	0.027470993608949
4DC24FC301	29	0.07100878619965875	0.7065247440928151	0.1270240417955391	0.09544242791198743
4DC24FC301	30	0.036518587730522176	0.7322517450866552	0.11225682576695276	0.11897284141587003
4DC24FC301	31	0.3061497086862402	0.5251736272833418	0.13862864007204398	0.03004802395837386
4DC24FC301	32	0.05201876066396347	0.6536309973784463	0.2321220458406591	0.06222819611693088
4DC24FC301	33	0.9755121138678606	0.0032118180202546703	0.02005849850959263	0.0012175696022918387
4DC24FC301	34	0.8418346672541774	0.05731463348758717	0.09291153421010458	0.007939165048130923
4DC24FC301	35	0.6517623152460917	0.22891794020568842	0.10411621149642325	0.015203533051796723
4DC24FC301	36	0.028614195442792888	0.6554362373924381	0.1614969101334628	0.15445265703130648
4DC24FC301	37	0.9428001738205902	0.016480048160008448	0.039070114133376854	0.0016496638860244396
4DC24FC301	38	0.5330475592790687	0.27878656180572864	0.17812602666724445	0.01003985224795829
4DC24FC301	39	0.6968980116607162	0.07512188813218906	0.21545529292774884	0.012524807279345818
4DC24FC301	40	0.04722396509178418	0.576167340640578	0.16607961562254264	0.21052907864509496
4DC24FC301	41	0.6637941415492485	0.14244561512384385	0.166380793130543	0.027379450196365007
4DC24FC301	42	0.809689322599501	0.05823102409708685	0.12734210616647657	0.004737547136935539
4DC24FC301	43	0.5369229694450106	0.09867787840118657	0.19540567350314547	0.16899347865065723
4DC24FC301	44	0.27628305851915164	0.40466665736120094	0.2866820940476052	0.03236819007204229
4DC24FC301	45	0.7393886152274837	0.08096741221528295	0.1725001948904962	0.007143777666737041
4DC24FC301	46	0.14780100766781845	0.7407598411476429	0.0906268855552005	0.020812265629338262
4DC24FC301	47	0.3499495357735922	0.43400521971811173	0.1791416417496937	0.03690360275860216
4DC24FC301	48	0.042456522404753345	0.5240156837301893	0.39104667035044843	0.04248112351460875
4DC24FC301	49	0.46352898313338453	0.1664810221160678	0.36400830667013695	0.005981688080410583
4DC24FC301	50	0.025468564361905765	0.6185158308439201	0.3427010274314242	0.013314577362750005
4DC24FC301	51	0.0586864340816607	0.7390015664899502	0.16840968866601877	0.033902310762370484
4DC24FC301	52	0.15692604899538606	0.25927141427828276	0.5324642678509685	0.05133826887536272
4DC24FC301	53	0.24152298944075187	0.4920268860913742	0.2270104213628211	0.039439703105052924
4DC24FC301	54	0.3604387449722126	0.34716846951654345	0.2391892449282455	0.05320354058299897
4DC24FC301	55	0.006522216898008795	0.44575479250137995	0.31815668780286466	0.22956630279774662
4DC24FC301	56	0.8092912618973584	0.060375626483343436	0.12509159797547897	0.005241513643819105
4DC24FC301	57	0.7290000055844711	0.11215244069533008	0.1505118571386865	0.008335696581512338
4DC24FC301	58	0.604318016045341	0.26158386267449407	0.1156657643614651	0.018432356918699936
4DC24FC301	59	0.7156265756646438	0.13587398138132945	0.13209647843911468	0.016402964514912324
4DC24FC301	60	0.11654424510144108	0.5428252944448616	0.11892333808577793	0.22170712236791962
4DC24FC301	61	0.1264483802803982	0.48701466063872095	0.3608444924765592	0.025692466604322214
4DC24FC301	62	0.8232823842046495	0.05185185005957153	0.1059699495021682	0.018895816233610647
4DC24FC301	63	0.7859005931949944	0.02618487830580724	0.1655644928428869	0.022350035656311523
4DC24FC301	64	0.30385155397672925	0.49320158878417486	0.1720780028901574	0.030868854348938442
4DC24FC301	65	0.5457234345802064	0.2587649991183279	0.17232931439054242	0.023182251910923404
4DC24FC301	66	0.06520717466914054	0.7399464727265579	0.12079839904219475	0.07404795356210689
4DC24FC301	67	0.10130355727522523	0.44280985177650817	0.34316894521874886	0.11271764572951776
4DC24FC301	68	0.6978587913168375	0.06873831279128134	0.22628250563448404	0.007120390257397129
4DC24FC301	69	0.6707336765209359	0.13942215013704182	0.1673985767269649	0.02244559661505728
4DC24FC301	70	0.05542735613238826	0.3219949582788705	0.5824212037248452	0.040156481863896136
4DC24FC301	71	0.6476778467460143	0.10083481679610025	0.17872036986241344	0.07276696659547191
4DC24FC301	72	0.35182576100829616	0.4184871261602912	0.17416151014776124	0.05552560268365136
4DC24FC301	73	0.011869453912255672	0.8918047480211494	0.07262642981651064	0.023699368250084212
4DC24FC301	74	0.00427627046212705	0.8329355975137814	0.12168093689181371	0.041107195132278083
4DC24FC301	75	0.16977333706506434	0.4371437522391912	0.37318299777407093	0.019899912921673767
4DC24FC301	76	0.5408689124716612	0.1906855071707829	0.2103860627739228	0.05805951758363314
4DC24FC301	77	0.10285340182737324	0.47886777721348217	0.1494566446791372	0.2688221762800078
4DC24FC301	78	0.5019117904305829	0.3772051752863731	0.1081903687219003	0.012692665561144012
4DC24FC301	79	0.6558087679218768	0.11680431302252402	0.21232586657144806	0.01506105248415137
4DC24FC301	80	0.09193671748825463	0.41342563879833677	0.45300002001802	0.04163762369538853
4DC24FC301	81	0.17409918480064707	0.5359790699434954	0.18493007039476603	0.10499167486109136
4DC24FC301	82	0.19098216305290489	0.48231500695691376	0.18467549791251212	0.14202733207766913
4DC24FC301	83	0.8591304907138051	0.04799689537800671	0.07654376178497044	0.016328852123217486
4DC24FC301	84	0.3519462598353635	0.26396269675679507	0.2158162634660106	0.16827477994183096
4DC24FC301	85	0.5187961867701261	0.15359345250112744	0.2663622397658651	0.061248120962881056
4DC24FC301	86	0.030086434592336567	0.6839918694527691	0.25660857938149806	0.029313116573396514
4DC24FC301	87	0.0753108582157498	0.4679437768239428	0.44279464334673163	0.013950721613575726
4DC24FC301	88	0.07836153883691802	0.5717076452776474	0.33332025753283706	0.016610558352597553
4DC24FC301	89	0.665582286050297	0.09112537674390864	0.22127526212652604	0.02201707507926824
4DC24FC301	90	0.2419785482007778	0.3079368206818545	0.4041028449892862	0.045981786128081965
4DC24FC301	91	0.11601041930941915	0.6028048411689456	0.25934927218230514	0.02183546733933025
4DC24FC301	92	0.11305998796110364	0.6258210317860845	0.2338631568204882	0.027255823432323738
4DC24FC301	93	0.18720860459305083	0.3607995674177825	0.4253305704852491	0.026661257503917807
4DC24FC301	94	0.3428811964460228	0.39638146965563814	0.20429664128467515	0.05644069261366421
4DC24FC301	95	0.08841620990245933	0.2038068891504178	0.6897982272676401	0.01797867367948296
4DC24FC301	96	0.0214745987695866	0.16118070601631396	0.3002935868808226	0.5170511083332766
4DC24FC301	97	0.10221689434284147	0.5898408280304166	0.2096230638773437	0.09831921374939837
4DC24FC301	98	0.011285551239934143	0.43389722097634903	0.13814775087369957	0.41666947691001727
4DC24FC301	99	0.38632630253241546	0.3712326639443542	0.21293380638517434	0.0295072271380559
4DC24FC301	100	0.05504463125965248	0.6719961586259051	0.2059592780750016	0.06699993203944088
4DC24FC301	101	0.7474587873589215	0.009979395688627539	0.17684040001045986	0.06572141694199132
4DC24FC301	102	0.5468215290524122	0.2698868785507446	0.16240326566062943	0.020888326736213672
4DC24FC301	103	0.03570030457062817	0.4441092763046194	0.10239742124229169	0.4177929978824607
4DC24FC301	104	0.15296273352744952	0.44665765086186043	0.386344471120307	0.014035144490383322
4DC24FC301	105	0.4302413365179764	0.2048575265316841	0.35106798815983337	0.013833148790506
4DC24FC301	106	0.01897619308515721	0.3285159462004505	0.231074705011212	0.42143315570318035
4DC24FC301	107	0.92259935121038	0.008984798475744158	0.04838901252920378	0.020026837784672128
4DC24FC301	108	0.03680496733073577	0.4454258634104263	0.18759321171111437	0.33017595754772366
4DC24FC301	109	0.00789644684614189	0.9100586844229972	0.06381226952597638	0.018232599204884608
4DC24FC301	110	0.034081518818821634	0.7561367385381871	0.17404971251268117	0.035732030130309934
4DC24FC301	111	0.010898163992611037	0.6876658249667102	0.212783853680929	0.08865215735974993
4DC24FC301	112	0.48744644332449855	0.1461932222821379	0.1462093098088844	0.22015102458447922
4DC24FC301	113	0.2047240211553576	0.23149965794021865	0.16198246818257436	0.40179385272184914
4DC24FC301	114	0.2021743573180028	0.4203290576208684	0.32966051559399884	0.04783606946712957
4DC24FC301	115	0.07089806378524809	0.4537243525727727	0.19177828772804306	0.2835992959139364
4DC24FC301	116	0.025852290051127692	0.6388280944616571	0.1161488636980981	0.21917075178911716
4DC24FC301	117	0.021414436166678277	0.7416271773856892	0.18949045808709306	0.04746792836053971
4DC24FC301	118	0.045204224159399446	0.6377187839559696	0.26031759131659693	0.056759400568034114
4DC24FC301	119	0.017372572197198684	0.8016756853089805	0.1197086502787195	0.06124309221510149
4DC24FC301	120	0.3368597914238239	0.17965330352736314	0.21927757312293047	0.2642093319258824
4DC24FC301	121	0.016574195932205146	0.4640576901555102	0.16169682375260047	0.357671290159684
4DC24FC301	122	0.018758099815506954	0.8251819614413669	0.1041167487340351	0.05194319000909117
4DC24FC301	123	0.10607565057215382	0.5167543765186136	0.21233378986117854	0.16483618304805392
4DC24FC301	124	0.062250771601331	0.4725729448760015	0.3161528316456095	0.14902345187705776
4DC24FC301	125	0.022874769488881296	0.6649267268024468	0.1591618015493281	0.15303670215934398
4DC24FC301	126	0.03231622646908773	0.7565244461794789	0.1811965285334425	0.029962798817990584
4DC24FC301	127	0.17187253879276437	0.5828058671755435	0.15651384623331105	0.08880774779838123
4DC24FC301	128	0.09459474751450112	0.3019924838366734	0.28910934760383405	0.31430342104499137
4DC24FC301	129	0.1701211327281385	0.5506191999200468	0.2602019800102281	0.01905768734158655
4DC24FC301	130	0.022776814232118598	0.5770128538271221	0.27308602950657757	0.12712430243418196
4DC24FC301	131	0.044913626244873314	0.47726061440508954	0.24838021441536567	0.22944554493467137
4DC24FC301	132	0.15551971143267168	0.6075774722657665	0.1924387457692434	0.04446407053231848
4DC24FC301	133	0.08380342741335868	0.6114466487165324	0.15924167911958023	0.1455082447505288
4DC24FC301	134	0.01981921929528441	0.353751092804964	0.2482018483705148	0.3782278395292367
4DC24FC301	135	0.015232263757938184	0.4805924798939303	0.29167178676422256	0.21250346958390895
4DC24FC301	136	0.13685574731669858	0.19044709231394713	0.28961127535578207	0.3830858850135722
4DC24FC301	137	0.15760137365979546	0.2581406841480971	0.3422532716235631	0.24200467056854427
4DC24FC301	138	0.02856062124155304	0.21899018138867166	0.3084921514160541	0.4439570459537211
