Source Name	Cell ID	archetype 1	archetype 2	archetype 3	archetype 4
FFFB66830A	1	0.7545793190399123	0.09027040642778407	0.15072071251352182	0.004429562018781691
FFFB66830A	2	0.8454763749954367	0.019065623996250218	0.13424921113675126	0.0012087898715617328
FFFB66830A	3	0.9630994325979505	0.003166946138910081	0.03297381230559666	0.0007598089575430509
FFFB66830A	4	0.9659606848307769	0.00675380672562516	0.01745110338098628	0.009834405062611637
FFFB66830A	5	0.6072560796230675	0.05401112705619016	0.3277164997625975	0.011016293558144874
FFFB66830A	6	0.0022178317806103806	0.7294862192554792	0.26362397613311556	0.004671972830795116
FFFB66830A	7	0.8079631377810057	0.05217276871332413	0.1289399374961292	0.010924156009541011
FFFB66830A	8	0.4808177256518687	0.3184101284410093	0.14172433529049527	0.05904781061662671
FFFB66830A	9	0.011727509430496318	0.8640981140489151	0.12181306538546798	0.0023613111351204713
FFFB66830A	10	0.008979569015237747	0.4947438668135931	0.4647856952536645	0.03149086891750485
FFFB66830A	11	0.08194518832007201	0.6731052317465439	0.23839720385803254	0.006552376075351708
FFFB66830A	12	0.9561911584361413	0.008179920816239717	0.034662255547440346	0.0009666652001787754
FFFB66830A	13	0.0016233241331303225	0.9259065625226621	0.07085059106241191	0.0016195222817957356
FFFB66830A	14	0.8784651366871424	0.022922898297262597	0.09467123834589543	0.003940726669699458
FFFB66830A	15	0.009582069134109654	0.6295442788538335	0.357427784619101	0.0034458673929562444
FFFB66830A	16	0.3626729463861753	0.3196184953441257	0.3081016589229628	0.009606899346735932
FFFB66830A	17	0.6479621608075025	0.1809429398713887	0.16548300267878344	0.005611896642325442
FFFB66830A	18	0.005759077376558237	0.8646052626282084	0.10107939912813939	0.028556260867093963
FFFB66830A	19	0.0015748431076640162	0.8663928882150826	0.11919205708606387	0.01284021159118944
FFFB66830A	20	0.9539736211477424	0.004633085780801515	0.035530326762704526	0.00586296630875169
FFFB66830A	21	0.021690810487732953	0.6642106923063407	0.30952085992531014	0.004577637280616363
FFFB66830A	22	0.059157909819559915	0.3375009655428322	0.5963815129827551	0.006959611654852757
FFFB66830A	23	0.008698507759732998	0.6347120209114984	0.35145162921820183	0.005137842110566694
FFFB66830A	24	0.45023511915149095	0.03399934985000552	0.4997076606203453	0.0160578703781583
FFFB66830A	25	0.01745698023935876	0.12750874195827636	0.8195798059058418	0.035454471896523024
FFFB66830A	26	0.23241441052714074	0.5642442184531266	0.1695754754416059	0.03376589557812649
FFFB66830A	27	0.001443925935660021	0.0033051462344859343	0.011482032277741042	0.983768895552113
FFFB66830A	28	0.053643261756026545	0.3867834351603504	0.5567200548862148	0.0028532481974079373
FFFB66830A	29	0.03402986910243991	0.5437372246294478	0.4108037427921546	0.011429163475957673
FFFB66830A	30	0.6529078854742448	0.28875502866662717	0.04410507571294579	0.014232010146182158
FFFB66830A	31	0.8205181089217893	0.019750279737650728	0.1561084407469293	0.003623170593630656
FFFB66830A	32	0.9838137211804172	0.0024712952526868277	0.013105012678354953	0.0006099708885412002
FFFB66830A	33	0.8431677217772146	0.05590035049903874	0.09325880670078836	0.0076731210229583156
FFFB66830A	34	0.13699004649724933	0.5244070429031253	0.327838991701944	0.010763918897681338
FFFB66830A	35	0.11108365075628668	0.19190816655520557	0.6856804935978936	0.011327689090614455
FFFB66830A	36	0.8341006370906331	0.036222850417329124	0.12316907064581374	0.0065074418462240345
FFFB66830A	37	0.8507698342461345	0.01767475155262676	0.05571576913100273	0.07583964507023588
FFFB66830A	38	0.5856405774207533	0.2533617623628435	0.03407357223582107	0.12692408798058213
FFFB66830A	39	0.1421098077068025	0.13966695444067748	0.21163004101544616	0.5065931968370737
FFFB66830A	40	0.8854733567526774	0.009256262481716945	0.07288995270680794	0.032380428058797796
FFFB66830A	41	0.19100584561788667	0.06874282911958397	0.7339804841681792	0.006270841094350097
FFFB66830A	42	0.0018005360060943084	0.17320886302567642	0.0862018922255011	0.7387887087427284
FFFB66830A	43	0.11263747631864061	0.08572092157285406	0.7953955284016508	0.006246073706854337
FFFB66830A	44	0.9798564637641823	0.002727926275553477	0.011940713320849295	0.005474896639414798
FFFB66830A	45	0.9899267064077328	0.001970456986165507	0.007839155091365022	0.00026368151473656537
FFFB66830A	46	0.6225241501019928	0.01072745013809276	0.1845148526236345	0.1822335471362799
FFFB66830A	47	0.9717616090440604	0.011560976520175488	0.015901094665337463	0.0007763197704268287
FFFB66830A	48	0.39905336581688416	0.1642546154903344	0.39256847234567904	0.04412354634710232
FFFB66830A	49	0.005266326801593391	0.7123897059053209	0.24509685857203647	0.03724710872104945
FFFB66830A	50	0.00022019301039586923	0.0029580292211415704	0.0014732233985710673	0.9953485543698913
FFFB66830A	51	0.000493721372247297	0.0022232752138618165	0.005014742547940467	0.9922682608659507
FFFB66830A	52	0.3848558902100848	0.3869169784843441	0.21075896985521983	0.017468161450351374
FFFB66830A	53	0.5169089200284588	0.39665092054154344	0.08238493316786387	0.004055226262133967
FFFB66830A	54	0.0019222687908451775	0.0009007644975496547	0.0040496610253583235	0.9931273056862467
FFFB66830A	55	0.03456430711598311	0.19945999846561704	0.17217632991786902	0.5937993645005304
FFFB66830A	56	0.9562170536617384	0.008510856190282952	0.034190762452262165	0.001081327695716396
FFFB66830A	57	0.1568615638532657	0.7484276744835554	0.084643037640444	0.010067724022734955
FFFB66830A	58	0.30505549885102257	0.19684126254590978	0.08654286582793563	0.41156037277513197
FFFB66830A	59	0.045928674836359235	0.16347900764190132	0.715536804543584	0.07505551297815528
FFFB66830A	60	0.005145972111820999	0.25893546069946477	0.7228975949677515	0.013020972220962703
FFFB66830A	61	0.002421497144757772	0.44414521000605106	0.06588493945660626	0.4875483533925846
FFFB66830A	62	0.010576999871104609	0.9330925063846587	0.05042788068003976	0.005902613064196864
FFFB66830A	63	0.017309811332323444	0.6865617901680723	0.22450056485384556	0.07162783364575903
FFFB66830A	64	0.023205499140268065	0.36058342599104104	0.3296327284263173	0.2865783464423735
FFFB66830A	65	0.3155187345638776	0.02677520294099521	0.27472056415386314	0.38298549834126416
