Source Name	Cell ID	archetype 1	archetype 2	archetype 3	archetype 4
D486DD3904	1	0.9737219795022402	0.008027721196153626	0.01602247670133429	0.002227822600272036
D486DD3904	2	0.4114043073757861	0.46165343014658977	0.04332175788582135	0.08362050459180258
D486DD3904	3	0.23334437871859418	0.5771486690203317	0.1700862514663314	0.019420700794742802
D486DD3904	4	0.0030420851466985933	0.023846403000757268	0.09090654254376951	0.8822049693087743
D486DD3904	5	0.566588888027089	0.2063372727368857	0.20250705636336114	0.0245667828726645
D486DD3904	6	0.6324503971576693	0.1756639189074114	0.17801798079354889	0.013867703141370119
D486DD3904	7	0.31558455004133223	0.36450005562113724	0.28177615223398395	0.03813924210354657
D486DD3904	8	0.11342972370584378	0.3600389627458954	0.4941079337380634	0.03242337981019742
D486DD3904	9	0.3759585216424899	0.343958765787614	0.26673862032837886	0.01334409224151734
D486DD3904	10	0.06388351434252434	0.1152874256943345	0.7988401011949838	0.021988958768157367
D486DD3904	11	0.01840744974151964	0.3049782048174622	0.502887891754334	0.17372645368668413
D486DD3904	12	0.14367295415891607	0.32102360210003533	0.4962015336677485	0.03910191007330035
D486DD3904	13	0.9398532534976716	0.004262295855405836	0.015589833698875337	0.04029461694804725
D486DD3904	14	0.024520138227887497	0.873259688991553	0.09719687615844777	0.005023296622111625
D486DD3904	15	0.006924331862890286	0.6961368452003182	0.2750697124501834	0.02186911048660825
D486DD3904	16	0.0739783374092016	0.5499927333272884	0.35264858052510784	0.023380348738402095
D486DD3904	17	0.9824666917491164	0.001833569118520458	0.012419787092018922	0.0032799520403439895
D486DD3904	18	0.020532276511457514	0.11547077166024096	0.8587885436972096	0.005208408131092028
D486DD3904	19	0.4762437941174647	0.18947950264338462	0.06588498429214781	0.2683917189470026
D486DD3904	20	0.9655065516971022	0.008010112151609112	0.024484542492736686	0.0019987936585517843
D486DD3904	21	0.26885387694634827	0.44857645363518356	0.24265878667025986	0.03991088274820804
D486DD3904	22	0.04499746878903276	0.6425621645414318	0.2950294998240621	0.017410866845473542
D486DD3904	23	0.12193829470291621	0.4064075332508329	0.46538827336080507	0.006265898685445877
D486DD3904	24	0.0034303809853071182	0.752696756904801	0.17683426838865746	0.06703859372123454
D486DD3904	25	0.011280789736083496	0.7294951204999273	0.13254818504743893	0.12667590471655038
D486DD3904	26	0.017279329402132795	0.5780962956942115	0.30426468949293267	0.10035968541072306
D486DD3904	27	0.6981873297645805	0.08273922198999498	0.2148540756659484	0.004219372579476223
D486DD3904	28	0.318353990468666	0.18138828016776148	0.45348971196799676	0.04676801739557554
D486DD3904	29	0.06996123443175827	0.07427028916989117	0.5245478060039406	0.3312206703944098
D486DD3904	30	0.0033366704796136373	0.6806250455572139	0.22542058364911113	0.09061770031406138
D486DD3904	31	0.2516547471569773	0.2672413077340845	0.4530002426754646	0.02810370243347342
D486DD3904	32	0.45838437319532127	0.12837529569328657	0.2814193988394258	0.1318209322719661
D486DD3904	33	0.01955225208646901	0.5041017420069075	0.46740512626240044	0.008940879644223486
D486DD3904	34	0.035659676766068175	0.34824857911038487	0.6031155999423626	0.01297614418118402
D486DD3904	35	0.08679968535172462	0.20205670476049065	0.4256750851268421	0.2854685247609428
D486DD3904	36	0.7272637524681108	0.09525733086649668	0.15504649468933532	0.02243242197605725
D486DD3904	37	0.684000882968566	0.02486400596746647	0.18134469757359006	0.10979041349037734
D486DD3904	38	0.23182971272709785	0.10431337893285822	0.6577786674973207	0.006078240842723223
D486DD3904	39	0.007038293130033431	0.5290301908913303	0.35576038557423784	0.10817113040439849
D486DD3904	40	0.2840191453529124	0.05597548282510155	0.4075388105894155	0.2524665612325708
D486DD3904	41	0.00225926910255353	0.18007868041447075	0.01859640021153867	0.7990656502714367
D486DD3904	42	0.8728664961036967	0.028561091442366997	0.09308216986787587	0.005490242586060574
D486DD3904	43	0.0015119351863892697	0.5447728693878299	0.2314587220265552	0.22225647339922555
D486DD3904	44	0.7782955179664562	0.017070409722463282	0.19333199129342993	0.011302081017650194
D486DD3904	45	0.19661266034200364	0.22850179579282934	0.24133925296679848	0.33354629089836857
D486DD3904	46	0.008799046406980733	0.0982514117771844	0.7197560878134883	0.1731934540023466
D486DD3904	47	0.0018028493858665315	0.03165472940774199	0.005222541139203257	0.9613198800671883
D486DD3904	48	0.01672245856950169	0.5057763743860997	0.38811499602431726	0.08938617102008133
D486DD3904	49	0.47275106358039515	0.31018832357373827	0.08819276349123725	0.1288678493546294
D486DD3904	50	0.7610759987270056	0.18889175115316187	0.045229812672418504	0.004802437447414063
D486DD3904	51	0.7370753083506393	0.11189415977697104	0.12862723606165477	0.022403295810734615
D486DD3904	52	0.015024039158038285	0.5456965880539946	0.36800028468944096	0.07127908809852608
D486DD3904	53	0.005597924189281189	0.006823075662496789	0.03600051754894721	0.9515784825992747
D486DD3904	54	0.03040556789767111	0.4060005332611167	0.5574368735526519	0.006157025288559927
D486DD3904	55	0.12703548133328627	0.302607388726813	0.5451746501515581	0.02518247978834274
D486DD3904	56	0.04138372567248273	0.13179012455838537	0.21802559254401865	0.6088005572251127
D486DD3904	57	0.004799349084604109	0.8365762450563102	0.1338992636190551	0.024725142240030525
D486DD3904	58	0.002281849274848871	0.010699700748333417	0.015236445314758632	0.971782004662059
D486DD3904	59	0.07528404340707437	0.5335172838828037	0.21892003941680138	0.17227863329332055
D486DD3904	60	0.07539795870384348	0.4670434548424735	0.25738550645627634	0.2001730799974068
D486DD3904	61	0.00032428641973884017	0.004039750668454821	0.01432690945584799	0.9813090534559583
D486DD3904	62	0.016107610770675747	0.7743557886410151	0.20263386248366685	0.00690273810464238
D486DD3904	63	0.3106299840921115	0.17513038065394007	0.31156844321293614	0.20267119204101255
D486DD3904	64	0.16299503312497526	0.12400738148206182	0.3932945787265392	0.3197030066664238
D486DD3904	65	0.05189434908078857	0.08314848014236374	0.6364859592378155	0.22847121153903258
D486DD3904	66	0.007534179658034103	0.07713923053883173	0.3091005442340038	0.60622604556913
D486DD3904	67	0.0027762309785006826	0.18235889506282224	0.7140590031828806	0.10080587077579661
D486DD3904	68	0.00044724543382934444	0.025580908159695912	0.04049141925997452	0.9334804271465001
D486DD3904	69	0.0023320902165842477	0.005671340193656061	0.046701606097883056	0.9452949634918766
D486DD3904	70	0.36970020195894576	0.495997020264494	0.08781824682307023	0.04648453095349037
D486DD3904	71	0.032277440313833554	0.09407288607297659	0.15217682996585696	0.7214728436473328
D486DD3904	72	0.015382717556454572	0.21190550545652614	0.18095793513315822	0.591753841853861
D486DD3904	73	0.012385667758275052	0.04242903949848503	0.5137294074906583	0.4314558852525817
D486DD3904	74	0.003867806051312966	0.024298500494689925	0.1567863279161644	0.8150473655378326
D486DD3904	75	0.01712515788431094	0.1644784831424643	0.4526304668289398	0.3657658921442851
D486DD3904	76	0.004463714273751829	0.8409517340124186	0.14506418965597395	0.009520362057855605
D486DD3904	77	0.004810554447168836	0.3001468425325436	0.010626088462981607	0.6844165145573062
D486DD3904	78	0.011779710227293254	0.170731172002663	0.5732443619557445	0.24424475581429886
D486DD3904	79	0.2636093203407988	0.474578977740005	0.25682135273562556	0.004990349183570468
D486DD3904	80	0.010892592343064063	0.45569201298107487	0.2280963908472152	0.30531900382864596
D486DD3904	81	0.007424440890331838	0.7815912965094405	0.18320406111442944	0.0277802014857982
D486DD3904	82	0.004325080735327163	0.05944628100786793	0.2965742918525444	0.6396543464042603
D486DD3904	83	0.009687569348609737	0.0685056832259933	0.145265928915823	0.7765408185095741
D486DD3904	84	0.07775706391987822	0.7815799407026066	0.05455510925418695	0.08610788612332806
D486DD3904	85	0.0013117016473948313	0.044872172715473904	0.018501117583226527	0.935315008053905
D486DD3904	86	0.004983871736739297	0.24268502825947189	0.4443438074978382	0.30798729250595075
D486DD3904	87	0.0072440970359171145	0.9256611744074926	0.0466002937435686	0.020494434813021576
D486DD3904	88	0.011066773400453154	0.8825272887612127	0.08427425405971173	0.022131683778622804
D486DD3904	89	0.0028990805454312952	0.6420337336901358	0.07872428551510925	0.2763429002493235
D486DD3904	90	0.004182451784749261	0.8122378875934901	0.17975713425247844	0.0038225263692820127
D486DD3904	91	0.0030841525980051542	0.8394544808322649	0.10613347551148183	0.05132789105824789
D486DD3904	92	0.011483963150510142	0.8679661150063621	0.083722628495179	0.03682729334794874
D486DD3904	93	0.003953184812338626	0.08265645302994615	0.0844635035249297	0.8289268586327857
D486DD3904	94	0.018095092973885656	0.6071031483479159	0.36726463038296164	0.007537128295236315
D486DD3904	95	0.0004998957335862087	0.07113674812382843	0.03765099829389994	0.8907123578486856
D486DD3904	96	0.13572589288344822	0.602883453535852	0.19980459203428003	0.06158606154641941
D486DD3904	97	0.0836760442742728	0.11303297062960344	0.3321609188582222	0.47113006623790143
D486DD3904	98	0.0030906771334903546	0.01237909643855366	0.0947601154393191	0.8897701109886369
D486DD3904	99	0.06536837132723401	0.22118797707244414	0.642148621734073	0.07129502986624847
D486DD3904	100	0.0023909365621894363	0.015750057939321365	0.11218553322267898	0.8696734722758104
D486DD3904	101	0.0022065363552846635	0.024265289774318077	0.08925631224620362	0.8842718616241935
D486DD3904	102	0.004122429878729852	0.0671671859328293	0.1591144424928658	0.7695959416955752
D486DD3904	103	0.010189282029930729	0.15603174378460383	0.396147257879469	0.4376317163059966
D486DD3904	104	0.01645419985372101	0.20453409359891253	0.7196505557931727	0.05936115075419388
D486DD3904	105	0.013664402333514307	0.17561001241869925	0.4426961044026849	0.36802948084510134
D486DD3904	106	0.016156611433328173	0.23966514489403273	0.5789945419563636	0.16518370171627592
