Source Name	Cell ID	archetype 1	archetype 2	archetype 3	archetype 4
D4974C20CF	1	0.7780765432474477	0.05115370568444153	0.16517919026846323	0.005590560799647909
D4974C20CF	2	0.8648387910323274	0.02068131240291943	0.10111304799700079	0.013366848567752833
D4974C20CF	3	0.9395988713280298	0.0015755210098016095	0.05810408831144773	0.000721519350721001
D4974C20CF	4	0.881739904752017	0.027209468961763246	0.08493847887449664	0.006112147411722952
D4974C20CF	5	0.7933773294811184	0.09816049437700082	0.0901252945318794	0.01833688161000124
D4974C20CF	6	0.9104065075845629	0.008888803478721728	0.07743376178646857	0.003270927150246979
D4974C20CF	7	0.5392476341261053	0.21476553319061809	0.16081698876418027	0.08516984391909664
D4974C20CF	8	0.6551831145282943	0.17024608809004724	0.14628429411822566	0.028286503263432922
D4974C20CF	9	0.44474387082428374	0.1857269696719138	0.32424213385591216	0.04528702564789071
D4974C20CF	10	0.5505089931484621	0.2148126582133617	0.19047889784813082	0.04419945079004522
D4974C20CF	11	0.5561333152950071	0.25491198972538026	0.16965448245846712	0.019300212521145825
D4974C20CF	12	0.25636841896276796	0.4146021395672257	0.24873257469022195	0.0802968667797846
D4974C20CF	13	0.4052363074026754	0.26340092913070745	0.24313288790415868	0.08822987556245837
D4974C20CF	14	0.45651554998275645	0.2792677721739285	0.24441672226186467	0.019799955581450313
D4974C20CF	15	0.8172402335810588	0.0774686280766309	0.10135253186064344	0.003938606481667037
D4974C20CF	16	0.4127202729814656	0.22718782015421846	0.14059470158023496	0.219497205284081
D4974C20CF	17	0.38933104202113133	0.2552001786566884	0.34328344519181503	0.01218533413036506
D4974C20CF	18	0.9114068025550485	0.02321047775818827	0.06230165810233531	0.0030810615844279418
D4974C20CF	19	0.03262007752898339	0.6927624742250217	0.21574083139250508	0.05887661685348964
D4974C20CF	20	0.8587092596251582	0.08690671992221478	0.04857481593365709	0.0058092045189700936
D4974C20CF	21	0.42265466883297886	0.23720420607255918	0.284928944680166	0.05521218041429609
D4974C20CF	22	0.5368133659137155	0.2122725073465915	0.2433963369509311	0.007517789788761632
D4974C20CF	23	0.8012652029549283	0.0677015871092781	0.10270111927461976	0.02833209066117408
D4974C20CF	24	0.13578054328093717	0.5102301137759488	0.2011427938708928	0.15284654907222106
D4974C20CF	25	0.2088988142112662	0.12407374857547965	0.6368196850333071	0.030207752179947048
D4974C20CF	26	0.7554032385455781	0.04679620115900308	0.1326384858047553	0.06516207449066345
D4974C20CF	27	0.8613915286743932	0.060572749137576515	0.07124950850950541	0.006786213678524814
D4974C20CF	28	0.7660018811855381	0.1092007867434746	0.12127763923229003	0.003519692838697511
D4974C20CF	29	0.5903833618182628	0.16191847455122219	0.07792189487080235	0.16977626875971227
D4974C20CF	30	0.8304160591080584	0.05963611909040983	0.09748952537415842	0.012458296427373488
D4974C20CF	31	0.0997779330255435	0.6784605114853749	0.10386243034091976	0.11789912514816167
D4974C20CF	32	0.2769136637433212	0.4662026363639103	0.23712744110974943	0.019756258783019138
D4974C20CF	33	0.07209894462235357	0.6740777864106158	0.1898977287428811	0.06392554022414935
D4974C20CF	34	0.5409689916643163	0.18278315106743373	0.2385441976264627	0.037703659641787145
D4974C20CF	35	0.6613573797451873	0.11407100789170291	0.2046232677228105	0.019948344640299123
D4974C20CF	36	0.07850862369027946	0.2955881661555648	0.5461211054347126	0.07978210471944269
D4974C20CF	37	0.012922798049682804	0.7375649821086288	0.23758171058561509	0.011930509256073302
D4974C20CF	38	0.49251305911007226	0.3154560034966132	0.16330906963987438	0.028721867753440076
D4974C20CF	39	0.7437065337890094	0.07948022234446595	0.15097945658184803	0.025833787284676855
D4974C20CF	40	0.06013519858593845	0.5245355213801379	0.37530321709470044	0.04002606293922286
D4974C20CF	41	0.8993220759780731	0.005945387894427283	0.08300044572741733	0.011732090400082263
D4974C20CF	42	0.007028957843669052	0.571582179477391	0.2229435745107005	0.1984452881682396
D4974C20CF	43	0.6670639662235452	0.14159356483666288	0.1738396723636893	0.017502796576102885
D4974C20CF	44	0.5882177071672505	0.23301558076648055	0.16199850629888163	0.016768205767387318
D4974C20CF	45	0.7407590784205139	0.11843125955065482	0.1013555027804348	0.03945415924839646
D4974C20CF	46	0.2728439998315179	0.46448097954445355	0.2335508524688083	0.029124168155220148
D4974C20CF	47	0.1310872999951195	0.24845701647654725	0.24743642482985279	0.3730192586984803
D4974C20CF	48	0.049989920266917	0.7445192917102536	0.16593211404012262	0.039558673982706946
D4974C20CF	49	0.89161435940679	0.010746020872728091	0.09633589440187088	0.0013037253186110361
D4974C20CF	50	0.84132826036487	0.07656157693673145	0.07276311813642317	0.009347044561975404
D4974C20CF	51	0.30428013844487145	0.45908258219107234	0.16815639405301896	0.06848088531103741
D4974C20CF	52	0.023874124192739328	0.3126663916541775	0.3596602625299835	0.3037992216231
D4974C20CF	53	0.9591954859815891	0.004064250743824789	0.03353771823492678	0.003202545039659567
D4974C20CF	54	0.7042837912457741	0.17898809353391446	0.11172102421612576	0.005007091004186061
D4974C20CF	55	0.6983160354918643	0.08691500237290947	0.17983023482754965	0.03493872730767652
D4974C20CF	56	0.08664610980043048	0.6901326242349555	0.17274483950505837	0.050476426459555586
D4974C20CF	57	0.10807669346806686	0.5898409107695101	0.26275722882493713	0.039325166937486285
D4974C20CF	58	0.07525247028978221	0.6977095641005597	0.1826977197578741	0.04434024585178393
D4974C20CF	59	0.7557036771126459	0.05487219098997104	0.1056577291662123	0.08376640273117081
D4974C20CF	60	0.05584482584311691	0.7511475594643638	0.12334200322788666	0.06966561146463254
D4974C20CF	61	0.02704655798402993	0.8465790464161468	0.08709962093510491	0.039274774664718376
D4974C20CF	62	0.24137962076968006	0.2527934034246094	0.2159603935907397	0.2898665822149711
D4974C20CF	63	0.11509446906616622	0.5808799202063452	0.28002214302951023	0.02400346769797821
D4974C20CF	64	0.062099063665669786	0.6736391690188058	0.1669501168361897	0.09731165047933496
D4974C20CF	65	0.0040488167394623	0.6331975218046915	0.29551145795362116	0.0672422035022251
D4974C20CF	66	0.35951485452534054	0.14704737450571567	0.28928139894907984	0.2041563720198636
D4974C20CF	67	0.056650108821082894	0.7212902366839464	0.1803845475740485	0.041675106920922286
D4974C20CF	68	0.5318269231936489	0.25534528301209763	0.1125906218370339	0.10023717195721953
D4974C20CF	69	0.48021899820467007	0.38677855236274733	0.09692203529007605	0.036080414142506574
D4974C20CF	70	0.4623437331110911	0.3208513503132168	0.14355594719409423	0.07324896938159814
D4974C20CF	71	0.8671140725879254	0.00710708716774636	0.10954894910365207	0.01622989114067638
D4974C20CF	72	0.3641212265589901	0.1418428467469076	0.17650123934284243	0.31753468735126
D4974C20CF	73	0.01263969860953556	0.25591641267448934	0.30236503347992155	0.4290788552360535
D4974C20CF	74	0.04708199213102172	0.597715330081723	0.13680686528435076	0.21839581250290493
D4974C20CF	75	0.8738360098133154	0.02440623243819357	0.08109731146721512	0.020660446281276355
D4974C20CF	76	0.05433762486130575	0.5515454385033488	0.19283895005875018	0.20127798657659546
D4974C20CF	77	0.2946781284979366	0.3966145894681554	0.21526225636129911	0.09344502567260894
D4974C20CF	78	0.01632475274418731	0.6189735946623098	0.34071241788292633	0.02398923471057689
D4974C20CF	79	0.040735228012063814	0.7028202095701739	0.14703357464598565	0.10941098777177642
D4974C20CF	80	0.05735788142425115	0.6988014124475113	0.1900745750050351	0.05376613112320252
D4974C20CF	81	0.2519786552212401	0.34530316226880087	0.22988340703781582	0.172834775472143
D4974C20CF	82	0.013762476010366674	0.854003531700607	0.11892018405647936	0.013313808232547075
D4974C20CF	83	0.17556990986249835	0.5377887153903814	0.16123656281852147	0.12540481192859906
