Source Name	Cell ID	archetype 1	archetype 2	archetype 3	archetype 4
BCE9C7BBCB	1	0.9937195782012986	0.0006540100106249086	0.004640121626167601	0.0009862901619088961
BCE9C7BBCB	2	0.8665469948619875	0.10543276004979017	0.026111323471708737	0.0019089216165136791
BCE9C7BBCB	3	0.28942294960377873	0.16030158104106895	0.5195970331869414	0.030678436168210674
BCE9C7BBCB	4	0.9554476815738454	0.005920748041715914	0.03772908755896549	0.0009024828254732123
BCE9C7BBCB	5	0.03179954060709993	0.45686287939355624	0.39352117724130564	0.11781640275803827
BCE9C7BBCB	6	0.8774783943450011	0.059349335251724464	0.03743787518033787	0.025734395222936433
BCE9C7BBCB	7	0.6237538135748635	0.05570382833697037	0.31745223188510346	0.0030901262030625883
BCE9C7BBCB	8	0.8294534646726365	0.032722031584841965	0.13234282939797742	0.005481674344543896
BCE9C7BBCB	9	0.03217531499952267	0.8064884960093291	0.12458615195520052	0.036750037035947834
BCE9C7BBCB	10	0.5612567459863186	0.36883764029990973	0.0665539713076178	0.0033516424061539383
BCE9C7BBCB	11	0.9664062661222016	0.014816581918367214	0.012445735795372304	0.006331416164058905
BCE9C7BBCB	12	0.9867713217005425	0.0022397154154885548	0.008541556207526039	0.0024474066764426945
BCE9C7BBCB	13	0.3953300173644372	0.30575971510079686	0.2827547189491439	0.016155548585621946
BCE9C7BBCB	14	0.574760893743323	0.26959076159391143	0.08210625473263991	0.07354208993012565
BCE9C7BBCB	15	0.3501092192354148	0.5896741677674641	0.057611239634411435	0.002605373362709612
BCE9C7BBCB	16	0.26356255663019046	0.3342516850855038	0.3916945427496963	0.010491215534609806
BCE9C7BBCB	17	0.9633833686330626	0.006519542949115823	0.02871359078479163	0.0013834976330297276
BCE9C7BBCB	18	0.8463525695683819	0.05353031600987287	0.09733220781467548	0.0027849066070697024
BCE9C7BBCB	19	0.5465799308388257	0.14670638702236805	0.2938484657258802	0.012865216412926473
BCE9C7BBCB	20	0.9223902728163744	0.03269862953292302	0.033889679349949776	0.01102141830075283
BCE9C7BBCB	21	0.27509397651014766	0.31772097739170657	0.38494051410733715	0.022244531990808444
BCE9C7BBCB	22	0.7214859643625813	0.1324966969654132	0.1407813840682372	0.005235954603768441
BCE9C7BBCB	23	0.6991166108496578	0.18876482421675878	0.1073751416506953	0.004743423282888183
BCE9C7BBCB	24	0.6618980458953808	0.16120028850725082	0.13185465492054121	0.0450470106768271
BCE9C7BBCB	25	0.02970154978610568	0.8809451787853432	0.08488032202314905	0.004472949405401798
BCE9C7BBCB	26	0.9686709448229516	0.01867482628505535	0.010809301588419027	0.0018449273035742821
BCE9C7BBCB	27	0.9747280575602058	0.006958982246867737	0.01725199672080524	0.001060963472121151
BCE9C7BBCB	28	0.1045497773949263	0.5392311513649085	0.33493939196813916	0.021279679272026054
BCE9C7BBCB	29	0.6441302723022302	0.16460669946798723	0.16129472311226475	0.029968305117517472
BCE9C7BBCB	30	0.7954823075888435	0.14585586458427507	0.03755651236805912	0.021105315458822393
BCE9C7BBCB	31	0.09639166302953266	0.4952648113672584	0.3936944966072504	0.014649028995958746
BCE9C7BBCB	32	0.3569948508700755	0.24099569814791905	0.3376616042777702	0.06434784670423528
BCE9C7BBCB	33	0.0038902414733973326	0.2134041209029048	0.06654204210439126	0.7161635955193068
BCE9C7BBCB	34	0.06829543523729688	0.698452804473689	0.12657643001058078	0.10667533027843347
BCE9C7BBCB	35	0.8560372754021909	0.06142135322326645	0.07362758953598143	0.00891378183856121
BCE9C7BBCB	36	0.9703140416310551	0.008482231329446584	0.018464415197652812	0.002739311841845517
BCE9C7BBCB	37	0.9522631935523707	0.007055179867908722	0.024961665986273383	0.015719960593447314
BCE9C7BBCB	38	0.03460345641816562	0.5450397874962923	0.09524541149429028	0.3251113445912517
BCE9C7BBCB	39	0.054568389210340615	0.6545433088490439	0.2143058235906522	0.07658247834996296
BCE9C7BBCB	40	0.004848184126816381	0.7306439078081369	0.26343831378395033	0.0010695942810966673
BCE9C7BBCB	41	0.3057814013400299	0.5092413607223379	0.1754323002761356	0.009544937661496554
BCE9C7BBCB	42	0.01039923600906727	0.8493121527607964	0.1394609367556508	0.0008276744744855076
BCE9C7BBCB	43	0.9946787251463393	0.00010174477252438816	0.005047103727718893	0.00017242635341731014
BCE9C7BBCB	44	0.4230356472898453	0.14346398376606165	0.4045898984496478	0.028910470494445176
BCE9C7BBCB	45	0.3493601931979619	0.18155135516207127	0.4388613316581998	0.030227119981767334
BCE9C7BBCB	46	0.011046103394435581	0.7831765645848479	0.18583492375241828	0.01994240826829808
BCE9C7BBCB	47	0.09577218308660435	0.8236067862675427	0.04974748928650187	0.03087354135935103
BCE9C7BBCB	48	0.7070012246070762	0.059825173343014695	0.04796481732193285	0.18520878472797653
BCE9C7BBCB	49	0.03702750232897592	0.12826814629157626	0.7939228671259654	0.04078148425348274
BCE9C7BBCB	50	0.029209532226102956	0.5705863557573144	0.04544097291423333	0.3547631391023494
BCE9C7BBCB	51	0.2829820664570858	0.18276074133031597	0.14714631169860928	0.38711088051398945
BCE9C7BBCB	52	0.23780540760300106	0.3536662256020564	0.3758121655823826	0.03271620121256005
BCE9C7BBCB	53	0.5625629919701493	0.31838308886169225	0.11598728579880994	0.003066633369348611
BCE9C7BBCB	54	0.029335863313720206	0.25121536121974364	0.6691866656719048	0.05026210979463164
BCE9C7BBCB	55	0.3935760705922765	0.022559489767696755	0.3569306616309098	0.22693377800911693
BCE9C7BBCB	56	0.09605742911249321	0.7999574121447465	0.09652785041741972	0.007457308325340678
BCE9C7BBCB	57	0.14397484609857567	0.7843737587388284	0.06470047568912576	0.006950919473470475
BCE9C7BBCB	58	0.04383967199982328	0.29511217465691836	0.5748017686241762	0.08624638471908189
BCE9C7BBCB	59	0.940067888570016	0.043423344954273614	0.010240899762303746	0.006267866713406629
BCE9C7BBCB	60	0.0030685968964198206	0.8148619905463967	0.1809812743027113	0.0010881382544721914
BCE9C7BBCB	61	0.009125418005295637	0.8903333366068216	0.08971636701352353	0.010824878374359196
BCE9C7BBCB	62	0.05314635311937481	0.7329673775891506	0.20361117406784873	0.010275095223625769
BCE9C7BBCB	63	0.0023690515610919377	0.07619578633819096	0.03902177929923883	0.8824133828014782
BCE9C7BBCB	64	0.4746950134747867	0.2745923189870965	0.23840717459958205	0.012305492938534853
BCE9C7BBCB	65	0.007623812227709007	0.6609936653809697	0.32177391307010794	0.009608609321213308
BCE9C7BBCB	66	0.08406035329556026	0.7870130430708887	0.1185450756638673	0.0103815279696838
BCE9C7BBCB	67	0.38525789567168506	0.1236973670204691	0.4067651054197973	0.08427963188804877
BCE9C7BBCB	68	0.2471984054822442	0.06926924479468995	0.20175080562866196	0.4817815440944036
BCE9C7BBCB	69	0.025962690756717425	0.1501329444333009	0.17865282065728763	0.645251544152694
BCE9C7BBCB	70	0.025894342662767335	0.7457287469882901	0.21529363388816566	0.01308327646077723
BCE9C7BBCB	71	0.09775959994706396	0.2744114916067573	0.214183409417688	0.41364549902849046
BCE9C7BBCB	72	0.014377175199151798	0.9611142783937652	0.018944995141423858	0.00556355126565895
BCE9C7BBCB	73	0.02656374280407162	0.8214280808811518	0.14049999551576647	0.01150818079900987
BCE9C7BBCB	74	0.6569027119536671	0.016395315145764706	0.30524892365851164	0.021453049242056373
BCE9C7BBCB	75	0.009729599831528291	0.7623239724456886	0.15924463753114831	0.06870179019163487
BCE9C7BBCB	76	0.0019613581432332138	0.02777101541118116	0.043288894011792464	0.9269787324337933
BCE9C7BBCB	77	0.020357360669918313	0.034720936082913045	0.16397908065439326	0.7809426225927754
BCE9C7BBCB	78	0.0001329210937121665	0.0011042221798335061	0.0033222464676670588	0.9954406102587875
BCE9C7BBCB	79	0.029974780801901434	0.2842471235364349	0.6756900037154977	0.010088091946165969
BCE9C7BBCB	80	0.17916454082406336	0.5322055640098264	0.2658820613013613	0.022747833864748924
BCE9C7BBCB	81	0.010728920868136116	0.7416574223205395	0.07278584909294641	0.17482780771837775
BCE9C7BBCB	82	0.005940100999351698	0.8664062555830242	0.10701155821167256	0.020642085205951326
BCE9C7BBCB	83	0.5654552742590778	0.07278177967771175	0.28204204130312294	0.0797209047600873
BCE9C7BBCB	84	0.013382772945407838	0.030879494782640245	0.22433250914740183	0.7314052231245501
BCE9C7BBCB	85	0.002295724268569483	0.9543811128338519	0.04007144117682714	0.0032517217207511722
BCE9C7BBCB	86	0.0014332729945540248	0.020476118660983166	0.05156654266167579	0.9265240656827871
BCE9C7BBCB	87	0.022481490742017572	0.5463476277666384	0.3007356070111877	0.13043527448015615
BCE9C7BBCB	88	0.005342528297919796	0.8380839943441388	0.1514752587079408	0.005098218650000549
BCE9C7BBCB	89	0.07214273641012833	0.7469089939841015	0.16654963424362382	0.014398635362146384
BCE9C7BBCB	90	0.015458745242936379	0.6050987253704103	0.3477401333351528	0.03170239605150077
BCE9C7BBCB	91	0.0010649835982027875	0.13062033176918905	0.1315975595532782	0.73671712507933
BCE9C7BBCB	92	0.01713443457363835	0.5483029174931493	0.23487138863148732	0.19969125930172515
BCE9C7BBCB	93	0.008686596735219269	0.7455092433807171	0.239866507149821	0.005937652734242563
BCE9C7BBCB	94	0.006990702263525471	0.784856374407619	0.1646115383481371	0.043541384980718544
BCE9C7BBCB	95	0.004710938894501396	0.8458454119587344	0.14617457889822297	0.0032690702485411553
BCE9C7BBCB	96	0.007951695140863583	0.04245907270145852	0.7006363261567098	0.24895290600096792
BCE9C7BBCB	97	0.010857723557786542	0.06745649200657479	0.8622352395325964	0.05945054490304256
BCE9C7BBCB	98	0.017968620011027513	0.01706257980776176	0.3980220908033671	0.5669467093778435
BCE9C7BBCB	99	0.012032628475795134	0.11065968608842063	0.15742241739195847	0.7198852680438255
