Source Name	Cell ID	archetype 1	archetype 2	archetype 3	archetype 4
43665D3AE9	1	0.37349679071918485	0.44950252049418704	0.1358453611677237	0.041155327618904544
43665D3AE9	2	0.014238197528683013	0.4693719203668461	0.38873539184343825	0.12765449026103276
43665D3AE9	3	0.032326092990032716	0.7146676024569097	0.18426409763481022	0.0687422069182475
43665D3AE9	4	0.04967710884166353	0.6556280296567176	0.260790731366737	0.03390413013488175
43665D3AE9	5	0.006640381455727598	0.1495782767926332	0.2194813198312593	0.62430002192038
43665D3AE9	6	0.04154463144706941	0.7360384138804132	0.1240758776157752	0.09834107705674217
43665D3AE9	7	0.3175085240167562	0.4914402799926913	0.16795408081694602	0.023097115173606665
43665D3AE9	8	0.05917612657014993	0.4574982632459975	0.19514812962859931	0.2881774805552533
43665D3AE9	9	0.7796165632020619	0.1364758603781631	0.07653838529945771	0.007369191120317097
43665D3AE9	10	0.01420146876659213	0.5274611212537782	0.3197425486790633	0.13859486130056614
43665D3AE9	11	0.38833390750921076	0.2918264322371328	0.2789547086256009	0.04088495162805559
43665D3AE9	12	0.40328097901011817	0.327595131548342	0.21376344386454743	0.05536044557699256
43665D3AE9	13	0.17009536675905054	0.5326035741333464	0.23010603246296749	0.06719502664463538
43665D3AE9	14	0.9398237978187968	0.01060773462325609	0.04701076682804776	0.0025577007298993064
43665D3AE9	15	0.01834569111092881	0.7830283353222606	0.10037935342123411	0.09824662014557659
43665D3AE9	16	0.10544777884017757	0.5484587977591099	0.23369482742956144	0.11239859597115111
43665D3AE9	17	0.8403726236860252	0.04860143598665056	0.08902521914352184	0.02200072118380245
43665D3AE9	18	0.13100778827555756	0.6819539343037619	0.155926833578046	0.031111443842634676
43665D3AE9	19	0.37650427617925303	0.35718206289111426	0.14538649061675887	0.12092717031287377
43665D3AE9	20	0.9142012571930408	0.020481598648585005	0.049436836224765	0.015880307933609016
43665D3AE9	21	0.5038873552801674	0.3470384184917591	0.1329651611063818	0.016109065121691923
43665D3AE9	22	0.7664567890267828	0.06226686864152489	0.16717466105891868	0.0041016812727736485
43665D3AE9	23	0.5879060076307021	0.15775404470550566	0.20611954418418435	0.04822040347960776
43665D3AE9	24	0.012932698423513392	0.7841607086562935	0.1691384848814119	0.033768108038781074
43665D3AE9	25	0.867706442205576	0.04878194183697568	0.0721576930916761	0.011353922865772113
43665D3AE9	26	0.8238526261248781	0.021355444079622282	0.07879675517271154	0.07599517462278814
43665D3AE9	27	0.06949778879884823	0.5073852197762415	0.27525292311434263	0.14786406831056736
43665D3AE9	28	0.1816570954759009	0.4056232962749933	0.25117144661023827	0.16154816163886762
43665D3AE9	29	0.05164992898745349	0.5997567355833873	0.1262693692266296	0.22232396620252973
43665D3AE9	30	0.4644978848753754	0.1914911567983496	0.25979126051006113	0.08421969781621415
43665D3AE9	31	0.7708183828818321	0.09032741957088794	0.09193230985425237	0.046921887693027735
43665D3AE9	32	0.12243831397720048	0.570512897213355	0.28417531275984204	0.02287347604960271
43665D3AE9	33	0.05917413318232125	0.7103598592588279	0.15633487280031705	0.07413113475853354
43665D3AE9	34	0.8064128105679952	0.019366063218494045	0.11179377742345094	0.062427348790060004
43665D3AE9	35	0.7951247509886099	0.08173440374923917	0.08200387746578809	0.04113696779636313
43665D3AE9	36	0.8789577583766558	0.051739339802700575	0.05670909079212802	0.012593811028515903
43665D3AE9	37	0.5861574686818077	0.08591969533147849	0.12097269181520427	0.20695014417150934
43665D3AE9	38	0.19507205113649245	0.6304196330578608	0.08878077528499723	0.08572754052064928
43665D3AE9	39	0.07958649755364662	0.21651199852110226	0.2506598334921525	0.45324167043309893
43665D3AE9	40	0.08957819876986947	0.7361400036223694	0.10517377099152751	0.06910802661623368
43665D3AE9	41	0.21193648094025078	0.3931093476460251	0.18556429065127097	0.20938988076245318
43665D3AE9	42	0.15968427613832328	0.3761026907096113	0.2305148796517579	0.23369815350030756
43665D3AE9	43	0.02344131134385636	0.27047994531083247	0.15718449685726568	0.5488942464880452
43665D3AE9	44	0.1789340967733025	0.4482889537725233	0.17696410490412054	0.19581284455005357
43665D3AE9	45	0.07643493897553988	0.18320880266610856	0.1809619266717545	0.5593943316865969
43665D3AE9	46	0.16183021585058116	0.3779101183902556	0.18543854092982248	0.2748211248293403
43665D3AE9	47	0.5317079840408956	0.047660866296378016	0.14609063744592068	0.274540512216806
43665D3AE9	48	0.0403866509218008	0.5956838461514147	0.18235235987690016	0.18157714304988437
43665D3AE9	49	0.08207560539642705	0.16947720552948584	0.16490971518293626	0.5835374738911506
43665D3AE9	50	0.28297440497224974	0.17161201075541385	0.202172224068968	0.3432413602033686
43665D3AE9	51	0.48252030381992195	0.24076608045650638	0.19926007755933792	0.07745353816423381
43665D3AE9	52	0.22467910940612354	0.1516044734866171	0.21857619939002693	0.4051402177172326
43665D3AE9	53	0.7680292152901014	0.10492478363311325	0.09027225768828769	0.03677374338849765
43665D3AE9	54	0.3009891421351293	0.20599917969720452	0.20076751520160152	0.29224416296606476
43665D3AE9	55	0.17070426406303463	0.4027327216723737	0.27811008778725205	0.14845292647733935
43665D3AE9	56	0.28345800161210494	0.3835931420188598	0.13320947192241267	0.19973938444662273
43665D3AE9	57	0.07476079802707504	0.624085601449024	0.22219493480392863	0.07895866571997263
43665D3AE9	58	0.03871402962598596	0.31315950123470865	0.13078882267306158	0.5173376464662439
43665D3AE9	59	0.02386253273381827	0.39031606164930205	0.12569593710258506	0.46012546851429476
43665D3AE9	60	0.01392044526961415	0.827969382446566	0.13623797188485884	0.021872200398960723
43665D3AE9	61	0.09875740948703803	0.20631218470078835	0.1411884098117471	0.5537419960004265
43665D3AE9	62	0.016855306732147433	0.23258060928615973	0.17765762346727312	0.5729064605144198
43665D3AE9	63	0.06902609453328198	0.6400591645313691	0.15347429001997748	0.1374404509153718
43665D3AE9	64	0.38465839280082736	0.020999063969544013	0.3973763466584723	0.19696619657115616
43665D3AE9	65	0.006455116843751054	0.20702227018903102	0.19629987940824578	0.590222733558972
43665D3AE9	66	0.03748367332737718	0.34371639803072845	0.4558993515957479	0.16290057704614658
