Source Name	Cell ID	archetype 1	archetype 2	archetype 3	archetype 4
7E8CA9482F	1	0.12629885403575972	0.39075124756589985	0.4659145209818197	0.017035377416520926
7E8CA9482F	2	0.9086320072914121	0.009825240202889694	0.07907790913230096	0.002464843373397464
7E8CA9482F	3	0.4541857931949117	0.24427185152484007	0.13554342808124553	0.1659989271990027
7E8CA9482F	4	0.40037209240143523	0.26215210107467185	0.2406852536438344	0.09679055288005879
7E8CA9482F	5	0.9035419581231356	0.025270314090631827	0.06838121657834474	0.0028065112078877767
7E8CA9482F	6	0.6492323290833805	0.07145214973236814	0.2524248729219659	0.026890648262285287
7E8CA9482F	7	0.7797800761965763	0.06958203610056489	0.14311637070994687	0.00752151699291199
7E8CA9482F	8	0.26694423125467914	0.4387067550453385	0.26940464932919816	0.02494436437078442
7E8CA9482F	9	0.331012322370421	0.3575448264191349	0.22669484566884893	0.08474800554159544
7E8CA9482F	10	0.7928350697351826	0.05382204941002987	0.14540246806526014	0.007940412789527371
7E8CA9482F	11	0.26934281632149126	0.2848505555198961	0.4056721066275431	0.040134521531069445
7E8CA9482F	12	0.9330984871212678	0.013885239285474454	0.05080471547496781	0.002211558118289768
7E8CA9482F	13	0.8345984790549283	0.0346645332310641	0.12254678989182394	0.008190197822183784
7E8CA9482F	14	0.4866521118701484	0.14522574465909668	0.3610831203118166	0.007039023158938433
7E8CA9482F	15	0.5731485172997419	0.16251402523246825	0.19199020604873263	0.07234725141905672
7E8CA9482F	16	0.1648898436372972	0.3698123206827854	0.4560227201286759	0.00927511555124169
7E8CA9482F	17	0.8262362021118352	0.0765525065654055	0.0875449533068923	0.009666338015867004
7E8CA9482F	18	0.5732555413444219	0.09045351674204014	0.19038403667451997	0.14590690523901806
7E8CA9482F	19	0.757731150917033	0.08339689955975975	0.15239101274173056	0.006480936781476583
7E8CA9482F	20	0.279078566143299	0.4806183191666569	0.2249695628676622	0.01533355182238184
7E8CA9482F	21	0.7760154952249738	0.06671145883828035	0.13290114807912612	0.02437189785761973
7E8CA9482F	22	0.889134725980107	0.021305819363633467	0.06900871075443923	0.020550743901820472
7E8CA9482F	23	0.4655803234274558	0.15252801730413967	0.3692710609964652	0.012620598271939072
7E8CA9482F	24	0.40609977228085953	0.4072494691966315	0.14102962219600398	0.04562113632650513
7E8CA9482F	25	0.8834185987135181	0.04698207296196248	0.0553754423955727	0.01422388592894686
7E8CA9482F	26	0.2450223603868479	0.5345295856425911	0.2078528989507443	0.0125951550198168
7E8CA9482F	27	0.005192056375100542	0.5259282543024133	0.23745982612809213	0.23141986319439384
7E8CA9482F	28	0.0919587086960312	0.602130225993471	0.24001949194946626	0.06589157336103123
7E8CA9482F	29	0.7240748460632698	0.09274054595196014	0.14753217288250284	0.035652435102266955
7E8CA9482F	30	0.9437314261494961	0.010642770900679402	0.0386090619137061	0.007016741036118685
7E8CA9482F	31	0.7076495151259328	0.09931532969720903	0.1883766276112452	0.004658527565612791
7E8CA9482F	32	0.6575677718540331	0.08955948697310057	0.22986777181814885	0.02300496935471749
7E8CA9482F	33	0.4741779618016256	0.33701181653769385	0.15822645905005014	0.03058376261063031
7E8CA9482F	34	0.7482790526725484	0.11093709931752141	0.1210941565646136	0.019689691445316612
7E8CA9482F	35	0.22582610111550416	0.5692407334680082	0.18174582666836794	0.02318733874811958
7E8CA9482F	36	0.6162434408337398	0.22210063776611397	0.15444890665864594	0.007207014741500325
7E8CA9482F	37	0.831587337057074	0.08626147922600551	0.07912913147224726	0.0030220522446732516
7E8CA9482F	38	0.07602783828616258	0.5812692477219612	0.2568787250246348	0.08582418896724135
7E8CA9482F	39	0.03904269304956796	0.45093260952602277	0.3527421284674619	0.15728256895694745
7E8CA9482F	40	0.19946122051342033	0.29230099493968553	0.26183430536113983	0.24640347918575436
7E8CA9482F	41	0.652241876850369	0.17489378456451146	0.16072069854420407	0.012143640040915463
7E8CA9482F	42	0.9035537144192639	0.02208528440190214	0.06101064875987615	0.013350352418957736
7E8CA9482F	43	0.9003666261567076	0.03631103545258171	0.05841782497463396	0.0049045134160768545
7E8CA9482F	44	0.8378182810368014	0.08592133388355294	0.06645536403713694	0.009805021042508851
7E8CA9482F	45	0.6325222132916096	0.22095366226744215	0.13417780127115767	0.012346323169790712
7E8CA9482F	46	0.3105691943522879	0.4301790386272489	0.18836128437591704	0.0708904826445458
7E8CA9482F	47	0.8590077840663307	0.030699652418505557	0.06915927956744783	0.041133283947715864
7E8CA9482F	48	0.42622280708179994	0.20060222047114723	0.2834626338188558	0.08971233862819673
7E8CA9482F	49	0.9404811525353158	0.01341947358767298	0.044683802609710686	0.0014155712673005233
7E8CA9482F	50	0.025059527614147425	0.7499300168905557	0.13166485470321973	0.09334560079207689
7E8CA9482F	51	0.1969513632594591	0.31711884226654646	0.22989852837994673	0.2560312660940474
7E8CA9482F	52	0.7994775121815676	0.05014591564146038	0.12977963362246753	0.02059693855450467
7E8CA9482F	53	0.84655660461439	0.03811642989804146	0.1110804869145431	0.004246478573025571
7E8CA9482F	54	0.5160630950267776	0.19902100854759358	0.164683832160984	0.12023206426464482
7E8CA9482F	55	0.8947688392088993	0.035357738846273	0.06296022093791681	0.006913201006910787
7E8CA9482F	56	0.014577916997176036	0.507912801457561	0.22107816773247316	0.25643111381278977
7E8CA9482F	57	0.43938848509938927	0.28032156487384247	0.20879369304137008	0.0714962569853981
7E8CA9482F	58	0.29680937265613916	0.34129545357651797	0.33847396000253066	0.023421213764812276
7E8CA9482F	59	0.02116349410273003	0.6101646921169976	0.12430479185703773	0.24436702192323465
7E8CA9482F	60	0.5510102449469609	0.2269091365222588	0.19952611725606034	0.022554501274719897
7E8CA9482F	61	0.9173775431946305	0.004928173533971303	0.07169599401935982	0.005998289252038421
7E8CA9482F	62	0.0698567956350469	0.4499712735680968	0.16592032778589938	0.31425160301095706
7E8CA9482F	63	0.1078279055399454	0.6072762785512499	0.18058949932456647	0.10430631658423808
7E8CA9482F	64	0.20632759413075508	0.5072860411447994	0.20683438808736662	0.07955197663707862
7E8CA9482F	65	0.863880664605362	0.03416363272770348	0.0891584758367917	0.012797226830142866
7E8CA9482F	66	0.018047983567663826	0.5185535501576547	0.19131624694917762	0.27208221932550375
7E8CA9482F	67	0.20886558580953188	0.6461018806426444	0.12419868014459672	0.020833853403226837
7E8CA9482F	68	0.44319910717767713	0.32352831824349376	0.1619163568943311	0.07135621768449796
7E8CA9482F	69	0.696823394999156	0.07919863159067835	0.13654364866599555	0.08743432474417004
7E8CA9482F	70	0.08128805530305348	0.6111670748490581	0.26229338159227744	0.04525148825561063
7E8CA9482F	71	0.12235339188877728	0.6199334728121161	0.21429359019737945	0.04341954510172715
7E8CA9482F	72	0.8004744161487485	0.011314143566567852	0.1413640542585061	0.04684738602617743
7E8CA9482F	73	0.26700385009908867	0.54693091112509	0.1648934045245249	0.02117183425129664
7E8CA9482F	74	0.38889104149354503	0.3284108788562493	0.14650982957444889	0.13618825007575677
7E8CA9482F	75	0.8329026475316423	0.06099316357708605	0.07199840022657243	0.03410578866469899
7E8CA9482F	76	0.3663716232872648	0.2802908527761697	0.2462560151910243	0.10708150874554098
7E8CA9482F	77	0.04465962111516528	0.311801299864593	0.30283167997138516	0.3407073990488564
7E8CA9482F	78	0.09395915407768493	0.7064658756036248	0.1805137464332129	0.01906122388547716
7E8CA9482F	79	0.34581216754504795	0.3733914507219378	0.25477948004463274	0.026016901688381684
7E8CA9482F	80	0.03666386957251878	0.8114807900189177	0.1228393216590579	0.029016018749505584
7E8CA9482F	81	0.032218369580231304	0.6509028891094188	0.2893147665413364	0.02756397476901335
7E8CA9482F	82	0.08108469722927057	0.7234365417408704	0.14617047692670537	0.04930828410315332
7E8CA9482F	83	0.011275634253937928	0.6779364364779404	0.06964246300731489	0.2411454662608066
7E8CA9482F	84	0.03641807496723321	0.5308028102861991	0.262741808247795	0.17003730649877266
7E8CA9482F	85	0.1315546941513212	0.5265485848838249	0.28876482517551	0.05313189578934395
7E8CA9482F	86	0.06458094756348197	0.25613090061545496	0.29280772271019484	0.3864804291108682
7E8CA9482F	87	0.25875748636053614	0.5269262546356674	0.16550055241213227	0.04881570659166449
7E8CA9482F	88	0.8158299217472088	0.013655336554264472	0.12573229951255518	0.04478244218597153
7E8CA9482F	89	0.2506354505013511	0.23294092730515373	0.24944491124266321	0.2669787109508321
7E8CA9482F	90	0.07688245620330576	0.7355028430678555	0.16311369104431042	0.024501009684528362
