Source Name	Cell ID	archetype 1	archetype 2	archetype 3	archetype 4
D9314261C0	1	0.9419938359704876	0.009367346443692694	0.045032940426907454	0.0036058771589123576
D9314261C0	2	0.99041219114788	0.002000340837416489	0.007137390408637177	0.00045007760606640107
D9314261C0	3	0.22353134695501545	0.14551837294449693	0.6250520753594168	0.0058982047410707965
D9314261C0	4	0.027554232526382227	0.586625202827329	0.3832894091142737	0.0025311555320149553
D9314261C0	5	0.7938540770730552	0.12585008606826048	0.07732410787553377	0.002971728983150719
D9314261C0	6	0.9899697674673072	0.0019074188080478857	0.007577599879202788	0.0005452138454419807
D9314261C0	7	0.953414880773123	0.006481847804485652	0.02369837549809138	0.016404895924300122
D9314261C0	8	0.20281112223123926	0.0322012580470461	0.5448630028372863	0.2201246168844284
D9314261C0	9	0.2702907038610166	0.5863468136077261	0.0988015735061088	0.04456090902514891
D9314261C0	10	0.9742005597545894	0.0024453161260969128	0.021866998571485177	0.0014871255478284724
D9314261C0	11	0.006006144701470012	0.8576677632644312	0.13435192041275623	0.001974171621342387
D9314261C0	12	0.1037542467081794	0.10226573090103142	0.04355793894539642	0.7504220834453926
D9314261C0	13	0.409891117420221	0.07086045523753723	0.5101415795790449	0.009106847763196868
D9314261C0	14	0.8083523852337844	0.16071617068268532	0.02952235559934101	0.0014090884841892655
D9314261C0	15	0.9723461044031869	0.0037329372162094067	0.023069005844651262	0.0008519525359525021
D9314261C0	16	0.3821559779493623	0.10918147735324571	0.49771296640591	0.010949578291481974
D9314261C0	17	0.7696610460323182	0.0738014312260121	0.12627786733389035	0.030259655407779144
D9314261C0	18	0.79305851261463	0.039197964103288144	0.1445145448272632	0.023228978454818777
D9314261C0	19	0.9534442266380629	0.006562169829058785	0.038708897956602664	0.0012847055762757892
D9314261C0	20	0.814458803176873	0.10121611440336206	0.07405458693903451	0.010270495480730363
D9314261C0	21	0.4504802590193891	0.21071667675618178	0.2564089979421001	0.08239406628232895
D9314261C0	22	0.5448390006169138	0.1849863591299464	0.1652397566770192	0.10493488357612048
D9314261C0	23	0.028379474720337458	0.7703213317526434	0.19412574610324124	0.007173447423777991
D9314261C0	24	0.8510470977387137	0.04356250431048094	0.10041903058457835	0.004971367366226982
D9314261C0	25	0.12046619754853337	0.37608900918955407	0.4942711541229501	0.009173639138962476
D9314261C0	26	0.00343024307588786	0.8554566053581136	0.1389761958059037	0.0021369557600947335
D9314261C0	27	0.966987905079228	0.01291003047897388	0.01905067931983576	0.0010513851219622146
D9314261C0	28	0.6294482519598894	0.2911633470430711	0.06386676246508355	0.015521638531955814
D9314261C0	29	0.7821124122781914	0.1430935101401616	0.06435205811574697	0.010442019465900211
D9314261C0	30	0.9800758858449385	0.007281937933498483	0.011504672935423907	0.001137503286139351
D9314261C0	31	0.8755061319143184	0.01973509409475794	0.09904627796495602	0.0057124960259677645
D9314261C0	32	0.46534306474171955	0.2504665775431119	0.279144525514552	0.005045832200616324
D9314261C0	33	0.40920461632681565	0.1655093815486694	0.4116451560360077	0.013640846088507316
D9314261C0	34	0.002601204809773895	0.9061111237533813	0.08851209800794578	0.0027755734288989844
D9314261C0	35	0.7958873945831528	0.029365421130565467	0.16323627968673238	0.011510904599549
D9314261C0	36	0.37923248139247007	0.23216570309985876	0.3805790025611256	0.008022812946545535
D9314261C0	37	0.08713954511939337	0.7271827319619962	0.15350279691649818	0.03217492600211221
D9314261C0	38	0.7343045121527364	0.056908100818222424	0.20326000463371657	0.00552738239532463
D9314261C0	39	0.9342777956830041	0.013489526548080161	0.04420639353833193	0.008026284230583778
D9314261C0	40	0.9672163900977921	0.013752813619505928	0.014395959308067908	0.004634836974633903
D9314261C0	41	0.8916778081911312	0.02022627756204294	0.08498771140287187	0.003108202843954217
D9314261C0	42	0.8489269644952987	0.024043688232520996	0.11347621375322224	0.013553133518957993
D9314261C0	43	0.4082324016106532	0.24573822332474327	0.3126598211774825	0.03336955388712128
D9314261C0	44	0.849125148129744	0.03186791963016061	0.11253769325585167	0.006469238984243894
D9314261C0	45	0.5706745619395287	0.01625911466925582	0.40809410567028676	0.004972217720928496
D9314261C0	46	0.8957454811709861	0.02092448625547577	0.07880879382181852	0.004521238751719473
D9314261C0	47	0.6900992144745964	0.1964246698814918	0.09998048926902865	0.01349562637488302
D9314261C0	48	0.5418046556545771	0.2593978556200584	0.1571530588987871	0.04164442982657689
D9314261C0	49	0.1793586531549591	0.6648948756140624	0.14087766788690095	0.014868803344077685
D9314261C0	50	0.5840337497225917	0.16908779280884592	0.21052863134919306	0.03634982611936955
D9314261C0	51	0.9834493235005805	0.007268094210004109	0.008111642235968105	0.0011709400534475342
D9314261C0	52	0.006810877111319581	0.13928295591728976	0.8529922070795112	0.0009139598918793393
D9314261C0	53	0.00022228309401520256	0.0011155682074250864	0.003421717727249438	0.9952404309713104
D9314261C0	54	0.2620861938358688	0.4710172462887942	0.23356860858501205	0.03332795129032508
D9314261C0	55	0.8791886040769112	0.0037940967993641884	0.11514191198043207	0.0018753871432926356
D9314261C0	56	0.10289343830431937	0.05019554106247405	0.8312218852919798	0.015689135341226557
D9314261C0	57	0.33524847939321595	0.25565664739095484	0.34902615795114794	0.06006871526468157
D9314261C0	58	0.9454805732468847	0.018868475446079645	0.03487303273257648	0.0007779185744594598
D9314261C0	59	0.8841326291647189	0.0160457987800777	0.09526782895610993	0.004553743099093815
D9314261C0	60	0.4421022415330746	0.20427218431662672	0.2966689337937663	0.056956640356532244
D9314261C0	61	0.5799980780516889	0.12839728654834331	0.04793163078832546	0.24367300461164307
D9314261C0	62	0.2770782671354276	0.11246609516194166	0.6044388630767945	0.006016774625836339
D9314261C0	63	0.03242104084456499	0.9457491149346984	0.01751854934678204	0.004311294873954484
D9314261C0	64	0.012731363402095134	0.6258658669650344	0.3388559132368116	0.02254685639605904
D9314261C0	65	0.9391090278464989	0.014290501582121761	0.044997326911052085	0.001603143660327195
D9314261C0	66	0.0030511721803035156	0.5184385899607477	0.4603429773064193	0.018167260552529402
D9314261C0	67	0.012090181926252047	0.6193229000239011	0.36183845969955947	0.006748458350287444
D9314261C0	68	0.12229373865868524	0.4445073475207086	0.22779576844587518	0.20540314537473112
D9314261C0	69	0.07946510325121336	0.8212159938487158	0.09610900751953301	0.0032098953805377315
D9314261C0	70	0.01024797773942788	0.8145790738874371	0.16877907162188413	0.006393876751250883
D9314261C0	71	0.4312472645168572	0.23963252165715998	0.32106216465460713	0.008058049171375814
D9314261C0	72	0.9071811393595302	0.057460280246207626	0.028168672618896475	0.0071899077753657765
D9314261C0	73	0.9236698645748884	0.004623026636713261	0.06761278397835091	0.004094324810047562
D9314261C0	74	0.7695504327747067	0.09159725097293553	0.11998742629172907	0.018864889960628912
D9314261C0	75	0.008999615401463079	0.42479413228493434	0.49372081371200816	0.07248543860159455
D9314261C0	76	0.9765317146784043	0.003295750266838666	0.01774684470651198	0.0024256903482451644
D9314261C0	77	0.3211337355794143	0.38876304443897836	0.26842542085412713	0.02167779912747986
D9314261C0	78	0.014337293463548147	0.2533279310842159	0.2727699344994543	0.45956484095278155
D9314261C0	79	0.07068645529494179	0.3173019853057832	0.6063439365810077	0.005667622818267498
D9314261C0	80	0.01806300108295792	0.4951812551822902	0.47790258586382756	0.008853157870924576
D9314261C0	81	0.002614270696650884	0.7731241975609776	0.21971116573843336	0.004550366003938144
D9314261C0	82	0.21607378423753915	0.04061510386389237	0.729732020770997	0.013579091127571634
D9314261C0	83	0.05195769492465751	0.6810804207861936	0.24588141465699856	0.021080469632150163
D9314261C0	84	0.03588652799644164	0.6421731616065116	0.31055885752756546	0.011381452869481105
D9314261C0	85	0.00614046539292843	0.784262956118189	0.17782668579916427	0.031769892689718464
D9314261C0	86	0.40351255522255214	0.4466159890580901	0.13432493525770747	0.01554652046165029
D9314261C0	87	0.13321474473206849	0.24275289494615554	0.40063713017507746	0.2233952301466987
D9314261C0	88	0.5161570563165855	0.10862997070699852	0.26434010459526874	0.11087286838114713
D9314261C0	89	0.2571099063069756	0.6683199939977255	0.07184840563475657	0.00272169406054238
D9314261C0	90	0.09030245710800822	0.27118630958006673	0.6151011212669801	0.023410112044944795
D9314261C0	91	0.5144951943654636	0.2300746055811172	0.20580797832593167	0.049622221727487356
D9314261C0	92	0.02570795427199151	0.9421857136594252	0.02215082523239964	0.009955506836183674
D9314261C0	93	0.49913607211258376	0.2977247318109188	0.1898150887029286	0.013324107373568948
D9314261C0	94	0.7987140721372147	0.05405891376595601	0.11673684886970356	0.030490165227125925
D9314261C0	95	0.8453416326826454	0.061218098704379054	0.09004675381343027	0.0033935147995455867
D9314261C0	96	0.006067923949900405	0.8182167523076677	0.17196309712229413	0.0037522266201377805
D9314261C0	97	0.5140590126262101	0.12341682501084053	0.3574576127713378	0.005066549591611555
D9314261C0	98	0.19148987709263096	0.25750700057076575	0.5414390904705925	0.009564031866011114
D9314261C0	99	0.3411329122713716	0.5732453496269478	0.05476660906228236	0.030855129039398067
D9314261C0	100	0.215708617949049	0.3706142548997588	0.32369173734134876	0.08998538980984366
D9314261C0	101	0.011542321786028011	0.5758260002070241	0.2989663148890879	0.11366536311785977
D9314261C0	102	0.5604177813537023	0.13944832981801272	0.277466277682202	0.022667611146083014
D9314261C0	103	0.6544076573139188	0.2888477204269419	0.05315062620511894	0.0035939960540203597
D9314261C0	104	0.8605174906015863	0.025206231660740576	0.08767251749428528	0.02660376024338767
D9314261C0	105	0.5596537531511379	0.3942602421100124	0.043483245559224226	0.002602759179625567
D9314261C0	106	0.004739121205466786	0.9309958252446026	0.06354781789404014	0.0007172356558906291
D9314261C0	107	0.3069306429279053	0.37162684910361354	0.24254812829896671	0.07889437966951464
D9314261C0	108	0.0059732318722033745	0.80163247824808	0.1839568205541488	0.008437469325567862
D9314261C0	109	0.012373320467138644	0.8043308815929884	0.17940822013375135	0.0038875778061218946
D9314261C0	110	0.017224024527856718	0.9019686448255113	0.07564599865159911	0.005161331995032944
D9314261C0	111	0.021006545912755976	0.569489131165542	0.3910702826505435	0.01843404027115842
D9314261C0	112	0.0998524453741062	0.7617877272314237	0.13086998062733676	0.007489846767133555
D9314261C0	113	0.003090448272473041	0.8736083298580867	0.11833750098856781	0.0049637208808725845
D9314261C0	114	0.03848779663239277	0.5626208065146807	0.35528146193696913	0.04360993491595738
D9314261C0	115	0.08726913800341866	0.3021286515574588	0.3837605079536618	0.22684170248546068
D9314261C0	116	0.008699804242754721	0.8905473531149501	0.0842819529051142	0.016470889737180933
D9314261C0	117	0.09931581252938962	0.34882063148243725	0.5330141018340692	0.018849454154103887
D9314261C0	118	0.7661401582993541	0.06498380723786662	0.14606190131816763	0.022814133144611733
D9314261C0	119	0.25280107900777815	0.27093868692622713	0.4151184740000314	0.06114176006596354
D9314261C0	120	0.09845642779703206	0.13512055052710478	0.5922202660230276	0.17420275565283558
D9314261C0	121	0.09179255543961691	0.5028013060917644	0.39125602007693955	0.014150118391678679
D9314261C0	122	0.026888823027866476	0.7115092338870798	0.25497328562704896	0.0066286574580048975
D9314261C0	123	0.0340183768883312	0.7623337207172777	0.1657428832796459	0.03790501911474499
D9314261C0	124	0.2356162858815306	0.4333820027954827	0.318106787718194	0.012894923604792871
D9314261C0	125	0.06509755977453983	0.08512602722657485	0.36645595663172825	0.4833204563671573
D9314261C0	126	0.003482307247530643	0.12806308170755817	0.16620467923267673	0.7022499318122345
