Source Name	Cell ID	archetype 1	archetype 2	archetype 3	archetype 4
3E0EE13177	1	0.5048369137868866	0.17244597756281643	0.15264141843151333	0.17007569021878355
3E0EE13177	2	0.9318940818589898	0.009083484538822025	0.05395365633664801	0.005068777265539911
3E0EE13177	3	0.8804081358131179	0.019293982475767045	0.09545807872112755	0.004839802989987582
3E0EE13177	4	0.6946193781826993	0.18808682959681233	0.11196486433750767	0.005328927882980682
3E0EE13177	5	0.9137986431317099	0.007097026838061074	0.07770292019049357	0.0014014098397351661
3E0EE13177	6	0.02141167076506691	0.04280490366113395	0.5968163271412272	0.33896709843257156
3E0EE13177	7	0.17514863932220545	0.6375661672667546	0.09988512622567315	0.08740006718536664
3E0EE13177	8	0.1117488172801909	0.1399307523075843	0.2098441739504104	0.538476256461814
3E0EE13177	9	0.9239832850049823	0.009331016228286497	0.05952000279103275	0.007165695975698481
3E0EE13177	10	0.07129624851341995	0.8339606901844978	0.07132812444404873	0.023414936858033784
3E0EE13177	11	0.508662744542735	0.24939461204309807	0.1956909202092031	0.046251723204963624
3E0EE13177	12	0.43609909169121325	0.3859451897217938	0.13585851208148692	0.04209720650550599
3E0EE13177	13	0.671236439129699	0.1852203553457459	0.12364083063426733	0.019902374890287445
3E0EE13177	14	0.20084088766187513	0.5605912804750738	0.13380835207433509	0.10475947978871593
3E0EE13177	15	0.6572323749479084	0.17144205216516564	0.14651684005643018	0.024808732830495724
3E0EE13177	16	0.09807712347172796	0.5742937618880327	0.212778018089888	0.11485109655035115
3E0EE13177	17	0.058053740525283656	0.6569871149485853	0.2140215500400025	0.07093759448612859
3E0EE13177	18	0.05105897242424075	0.7724832218122001	0.16263214861804914	0.013825657145509845
3E0EE13177	19	0.030199440227898097	0.798446122607432	0.15015721486185227	0.02119722230281764
3E0EE13177	20	0.9750383803969775	0.00311475898228593	0.0197319938696096	0.0021148667511269653
3E0EE13177	21	0.9611205054699454	0.004173724718937504	0.03186281172087104	0.0028429580902458802
3E0EE13177	22	0.3242784342658768	0.34307748957769324	0.30840063850716665	0.024243437649263316
3E0EE13177	23	0.7079560026687509	0.1194242862574241	0.1433513120869254	0.02926839898689955
3E0EE13177	24	0.8840622648348742	0.031779156208118504	0.06638073328788169	0.017777845669125665
3E0EE13177	25	0.06002229920409847	0.6416098344067397	0.13093628157111709	0.16743158481804496
3E0EE13177	26	0.5863075776151322	0.24525766309197444	0.11744590705431436	0.05098885223857885
3E0EE13177	27	0.32097446603740604	0.3772071664532071	0.14110755396723004	0.16071081354215688
3E0EE13177	28	0.06397491980408851	0.5177953641641381	0.19112906174170938	0.2271006542900638
3E0EE13177	29	0.038949319805678576	0.7171445519868045	0.212580194932434	0.03132593327508287
3E0EE13177	30	0.7304196161022355	0.05402359913181442	0.19529109243853388	0.020265692327416318
3E0EE13177	31	0.882684839285294	0.021727246644023396	0.07362501797976809	0.02196289609091453
3E0EE13177	32	0.12352342302884685	0.4277501914905382	0.3424102786336049	0.10631610684700986
3E0EE13177	33	0.08079989091262288	0.7432804455547898	0.14963479240212935	0.026284871130457885
3E0EE13177	34	0.05546078311156638	0.5873883835158908	0.33878965755024737	0.01836117582229539
3E0EE13177	35	0.07574412916770505	0.5161771020575745	0.2731020044665018	0.1349767643082187
3E0EE13177	36	0.7073446953544945	0.10336507091186017	0.14465448234788245	0.04463575138576345
3E0EE13177	37	0.06575490794166686	0.7076333636670556	0.11679823483016817	0.10981349356110952
3E0EE13177	38	0.799632200597083	0.06419100444100405	0.12738535399613682	0.008791440965776241
3E0EE13177	39	0.08930365453175568	0.10401357130306252	0.38790057289035157	0.41878220127483023
3E0EE13177	40	0.5996338747451787	0.10529994899908575	0.1946887566015609	0.10037741965417477
3E0EE13177	41	0.03290180143056048	0.6355034697467477	0.15860642191719457	0.17298830690549716
3E0EE13177	42	0.2416311198286207	0.15055674847537695	0.5956100585188595	0.012202073177142786
3E0EE13177	43	0.28348702519725555	0.46064233744805927	0.24272032559513654	0.013150311759548745
3E0EE13177	44	0.7648154337906465	0.12042186091253367	0.07605630008628432	0.03870640521053522
3E0EE13177	45	0.01649283860764844	0.4228336047533419	0.09485464333209905	0.4658189133069106
3E0EE13177	46	0.8176952394316628	0.047117686815899715	0.09419479093945313	0.040992282812984164
3E0EE13177	47	0.04341293777151255	0.6445788392450401	0.17812777342123387	0.13388044956221362
3E0EE13177	48	0.1406069421035934	0.6505545639562305	0.1877896133251173	0.021048880615058684
3E0EE13177	49	0.49775761875819174	0.27365032597890154	0.1915781042727318	0.03701395099017476
3E0EE13177	50	0.08714978579015958	0.6385835450501534	0.2512053190856569	0.023061350074029766
3E0EE13177	51	0.3500026952978167	0.46076732125310316	0.17915058583328036	0.01007939761579986
3E0EE13177	52	0.36070566660894415	0.31144931158945327	0.216987516185241	0.11085750561636142
3E0EE13177	53	0.14557857440016855	0.41977427001383266	0.3123943507321261	0.12225280485387238
3E0EE13177	54	0.8634495240537592	0.01126470231876257	0.09699111381397563	0.028294659813502248
3E0EE13177	55	0.22150676943401398	0.15057106370722106	0.3698824253334757	0.25803974152528936
3E0EE13177	56	0.1300739824123378	0.4767245494471283	0.16568147050157803	0.22751999763895564
3E0EE13177	57	0.28293392460925565	0.1204451452669103	0.2264140342151565	0.3702068959086775
3E0EE13177	58	0.1374157207530982	0.6089868454152616	0.1927448379472331	0.06085259588440715
3E0EE13177	59	0.03719476626234469	0.6019612824450872	0.19157730734703626	0.169266643945532
3E0EE13177	60	0.8106007782096041	0.09381383184578458	0.06597212616973064	0.029613263774880782
3E0EE13177	61	0.13473569564919768	0.4566962346997978	0.23253020170335464	0.1760378679476499
3E0EE13177	62	0.11958557401158428	0.3577387701654455	0.1850981751747307	0.33757748064823956
3E0EE13177	63	0.5519430044585635	0.21213996817217967	0.13615826007677706	0.09975876729247984
3E0EE13177	64	0.03468233234201735	0.6506035468974554	0.2740350165521204	0.040679104208406626
3E0EE13177	65	0.7394303850543646	0.05241876287043813	0.15917807050917274	0.04897278156602446
3E0EE13177	66	0.0557632131372343	0.5850907559383509	0.24937220320415776	0.10977382772025711
3E0EE13177	67	0.13443295482142034	0.43462935442168255	0.23659046602852987	0.19434722472836755
3E0EE13177	68	0.397956897857399	0.37531476931743707	0.18428912205644038	0.04243921076872357
3E0EE13177	69	0.41794668443297545	0.3684533486318133	0.181092427002415	0.03250753993279617
3E0EE13177	70	0.013971021048266289	0.7247673669606619	0.17248280272860878	0.08877880926246297
3E0EE13177	71	0.015143344656372185	0.4343541101378673	0.22330733989376814	0.32719520531199237
3E0EE13177	72	0.8901250911397178	0.029701639349896204	0.059398402169787076	0.02077486734059877
3E0EE13177	73	0.6032323481110442	0.03636579740151164	0.21026188674976226	0.15013996773768176
3E0EE13177	74	0.8183479111679441	0.010838449684565593	0.12085126622439882	0.04996237292309163
3E0EE13177	75	0.06036556054995546	0.6812568799023948	0.1697191224301423	0.08865843711750773
3E0EE13177	76	0.5831764264869009	0.2042379981765336	0.12927994322116695	0.08330563211539813
3E0EE13177	77	0.2554761519102476	0.17582042159373204	0.20162252779372297	0.3670808987022973
3E0EE13177	78	0.26539556915958634	0.4911551121664332	0.17055876860318953	0.0728905500707909
3E0EE13177	79	0.2692280086376587	0.11863207683019512	0.36945434975736885	0.24268556477477746
3E0EE13177	80	0.044224606189975244	0.5381446118467966	0.27866417039519387	0.1389666115680342
3E0EE13177	81	0.39419877429039774	0.4414808805285268	0.12135102952218597	0.04296931565888967
3E0EE13177	82	0.12005172338773488	0.47053788824440207	0.25879355403605747	0.1506168343318057
3E0EE13177	83	0.023639807020676612	0.7717089552292248	0.12714385271787457	0.07750738503222403
3E0EE13177	84	0.042986179874760846	0.49002061750632814	0.2307526976840817	0.23624050493482923
3E0EE13177	85	0.037331828285062284	0.7012264353322096	0.20651782008039396	0.054923916302333994
3E0EE13177	86	0.04750306268173478	0.7146131342790126	0.1982710263188164	0.03961277672043611
3E0EE13177	87	0.18106318019800738	0.4022827275769855	0.1680867375211402	0.24856735470386693
3E0EE13177	88	0.1267207364041683	0.6041205148686186	0.21100326729066726	0.05815548143654564
3E0EE13177	89	0.8565044042789552	0.010595294321670563	0.10321136005204912	0.029688941347325158
3E0EE13177	90	0.10743136129838927	0.33379105151223415	0.4457404631143081	0.1130371240750682
3E0EE13177	91	0.004436351513881884	0.13618372986334673	0.1276651509923312	0.7317147676304403
3E0EE13177	92	0.008316652650019246	0.159734018713662	0.17318020633001144	0.6587691223063074
3E0EE13177	93	0.03734998251632183	0.4470227713939305	0.36923594427159323	0.1463913018181542
