Source Name	Cell ID	archetype 1	archetype 2	archetype 3	archetype 4
A9213445AE	1	0.8073719107116261	0.0505517181244367	0.12241770293407565	0.019658668229861707
A9213445AE	2	0.9487750212418349	0.003680138249437687	0.04623102358936073	0.0013138169193666744
A9213445AE	3	0.7890049741241945	0.07934604098780444	0.1263544295681117	0.005294555319889274
A9213445AE	4	0.6016025145860986	0.24248420017840383	0.1465999319239929	0.009313353311504999
A9213445AE	5	0.6168257718605896	0.10991325383081614	0.25411945675138425	0.019141517557210243
A9213445AE	6	0.10563063101436529	0.6942428380315867	0.13869342521892017	0.061433105735127634
A9213445AE	7	0.1333838661839964	0.34490324252160803	0.29147412762093783	0.23023876367345758
A9213445AE	8	0.8140056704006137	0.09060186393476137	0.08814873750330855	0.007243728161316235
A9213445AE	9	0.7146801915293227	0.09869037501890654	0.1661196674247437	0.02050976602702693
A9213445AE	10	0.08053131746868777	0.7190715276239009	0.1717911366528052	0.028606018254606014
A9213445AE	11	0.7032623350849562	0.10652778731479783	0.1844888228529679	0.005721054747278254
A9213445AE	12	0.02936621099043435	0.6245390746892324	0.29947636174163544	0.04661835257869757
A9213445AE	13	0.1818233139265486	0.4671008748528792	0.32363220321393366	0.02744360800663843
A9213445AE	14	0.8300006411898176	0.04414805167360528	0.11888029863069736	0.006971008505879808
A9213445AE	15	0.02867931609174911	0.4777127994406932	0.1992844288337388	0.29432345563381873
A9213445AE	16	0.008273501917472562	0.8004250011569561	0.14112675824132814	0.050174738684243
A9213445AE	17	0.6996868425876731	0.11466096470878812	0.17555640301624323	0.010095789687295537
A9213445AE	18	0.9358181220654407	0.018527333972986944	0.043522413987585974	0.0021321299739864466
A9213445AE	19	0.7971668157583371	0.07098623367855253	0.12895673918629688	0.0028902113768130666
A9213445AE	20	0.5335640391229056	0.2346882086506187	0.212662149444678	0.01908560278179804
A9213445AE	21	0.01686014030719567	0.6345297937960543	0.13900896797208026	0.20960109792466988
A9213445AE	22	0.7363745323963111	0.08385702172332109	0.15174449352418612	0.028023952356181773
A9213445AE	23	0.07031131673368393	0.37960707847910563	0.5116612711459144	0.038420333641295795
A9213445AE	24	0.25247637303451	0.19722254791848778	0.24557311091798187	0.30472796812902053
A9213445AE	25	0.7590595992698109	0.04920343972592046	0.1552655496842971	0.03647141131997151
A9213445AE	26	0.022643828367733352	0.6628729595094748	0.16306335385959556	0.1514198582631965
A9213445AE	27	0.879482213858176	0.013140158434413598	0.07193491678924613	0.03544271091816428
A9213445AE	28	0.6370177795474109	0.07857624078399097	0.24522960917917758	0.03917637048942028
A9213445AE	29	0.9549705441450004	0.002021489566898953	0.03915317115956936	0.003854795128531447
A9213445AE	30	0.015496398610453571	0.8612155755523607	0.07670119186648429	0.04658683397070133
A9213445AE	31	0.574062895320939	0.19177687718159495	0.14485902582622634	0.08930120167123978
A9213445AE	32	0.5970689836532339	0.1697839930602368	0.22124236051368493	0.011904662772844122
A9213445AE	33	0.7243981717268517	0.08580287054817616	0.10267813469714984	0.08712082302782206
A9213445AE	34	0.6142284115204693	0.12821280840566587	0.17500735998205053	0.0825514200918143
A9213445AE	35	0.35194120799818035	0.3953271461450527	0.18661812715653256	0.06611351870023426
A9213445AE	36	0.13529250271654336	0.3984512225064652	0.16369882875665834	0.3025574460203331
A9213445AE	37	0.01446264486865172	0.8359917358182631	0.09995409038162116	0.04959152893146394
A9213445AE	38	0.02072069490410528	0.7276044065557074	0.2077785959598255	0.043896302580361965
A9213445AE	39	0.019543697674616646	0.06915228544980732	0.15153466289108738	0.7597693539844883
A9213445AE	40	0.4574140338472698	0.3523519443250392	0.1504751350588254	0.03975888676886556
A9213445AE	41	0.8195731983089848	0.060384259399815586	0.1043706351075877	0.015671907183611892
A9213445AE	42	0.24221208741313344	0.5507887081309025	0.1850250159663355	0.021974188489628572
A9213445AE	43	0.8522095811491806	0.021963528558833635	0.11311689606518914	0.012709994226796707
A9213445AE	44	0.24568620599138888	0.5978320581003556	0.09878093645106165	0.0577007994571938
A9213445AE	45	0.17401302878393912	0.2725640623724796	0.19042579316068073	0.3629971156829007
A9213445AE	46	0.739566424008821	0.09837915546143576	0.15707084622816886	0.004983574301574588
A9213445AE	47	0.14711523251316944	0.690518091270892	0.09917934667091499	0.06318732954502365
A9213445AE	48	0.016187138761463948	0.5633216600938399	0.1791784509402337	0.24131275020446266
A9213445AE	49	0.18589608961994425	0.4457438620175415	0.2974181746261694	0.07094187373634478
A9213445AE	50	0.2791062664710294	0.3853144636710644	0.2231642362331621	0.11241503362474432
A9213445AE	51	0.8413667531292581	0.0665023652787473	0.08323925535699335	0.00889162623500156
A9213445AE	52	0.2614820965908922	0.39315645242348657	0.20535344255236399	0.14000800843325692
A9213445AE	53	0.5274594607673041	0.30806553779770934	0.1348117651097199	0.029663236325266674
A9213445AE	54	0.17641805315757866	0.3408236144177615	0.19084987624615038	0.29190845617850975
A9213445AE	55	0.01356529124863861	0.18972078204334428	0.20056554830480333	0.5961483784032139
A9213445AE	56	0.25402414961439207	0.545961089292345	0.16975320919698547	0.03026155189627744
A9213445AE	57	0.10004147001187645	0.2594160165607002	0.2328554459549888	0.40768706747243433
A9213445AE	58	0.6190083304336376	0.1419057163838873	0.14140384715511423	0.09768210602736109
A9213445AE	59	0.9727844918669183	0.002867097380769139	0.019339383034981755	0.005009027717330925
A9213445AE	60	0.9394491404117357	0.007597769325658804	0.04201048879715393	0.010942601465451497
A9213445AE	61	0.05126063085326652	0.30442774319099086	0.20073428275833655	0.4435773431974059
A9213445AE	62	0.19618726940783765	0.32755020701133775	0.1837237743127705	0.29253874926805423
A9213445AE	63	0.04765201142619932	0.8024991084551418	0.12623647591980303	0.023612404198855748
A9213445AE	64	0.022370232130909745	0.6816892432096905	0.16412705242226094	0.1318134722371387
A9213445AE	65	0.492798201791073	0.20385593456233353	0.22103924297855548	0.08230662066803816
A9213445AE	66	0.10452820138701567	0.7617716611673276	0.10564886234365882	0.02805127510199769
A9213445AE	67	0.8443012465141561	0.009653588796091331	0.08171761344267867	0.06432755124707365
A9213445AE	68	0.11186551135709977	0.6149378917567759	0.1776782706433738	0.09551832624275051
A9213445AE	69	0.06754313155834693	0.7286848551673045	0.14342265949147118	0.060349353782877466
A9213445AE	70	0.1303530126918288	0.6760920193071401	0.18133373614213444	0.01222123185889663
A9213445AE	71	0.014140695460195326	0.761468279013364	0.15238966431551107	0.0720013612109294
A9213445AE	72	0.2876141906425023	0.23831408809883733	0.30058115015308556	0.17349057110557495
A9213445AE	73	0.02842100809285974	0.478166885145737	0.23873447358130825	0.25467763318009473
A9213445AE	74	0.017061561493708337	0.1113776558563482	0.14758728183949393	0.7239735008104495
A9213445AE	75	0.8941256800640143	0.008198154882801283	0.07821300242979494	0.019463162623389884
A9213445AE	76	0.7306449165421744	0.04644521233064579	0.11747158246506396	0.10543828866211591
A9213445AE	77	0.026400789062466262	0.7486736764649656	0.1313073278607406	0.09361820661182729
A9213445AE	78	0.281472761787689	0.5231388195754338	0.1752010685613603	0.020187350075516773
A9213445AE	79	0.036881547736725966	0.6445688970516316	0.21289005135148906	0.10565950386015328
A9213445AE	80	0.014464530210163725	0.31753971723435737	0.2021367309117821	0.4658590216436968
A9213445AE	81	0.02104583369343123	0.37423279063470366	0.16405602785189913	0.4406653478199662
A9213445AE	82	0.07340833412678668	0.3074031237521888	0.14319081793696337	0.47599772418406106
A9213445AE	83	0.09864976934272504	0.5389018828618192	0.18753350992234447	0.17491483787311096
A9213445AE	84	0.6800389160679505	0.012453712717918912	0.2451973171762669	0.062310054037863834
