Source Name	Cell ID	archetype 1	archetype 2	archetype 3	archetype 4
056F63395C	1	0.24146682634912356	0.48665701041498227	0.23626228567531032	0.03561387756058381
056F63395C	2	0.9104006363302246	0.01609336187438019	0.06820874191402905	0.0052972598813663925
056F63395C	3	0.09946249127200682	0.6683295248126316	0.16418909217521913	0.06801889174014226
056F63395C	4	0.45222982896744607	0.361202567899707	0.16445677128150554	0.022110831851341176
056F63395C	5	0.8892417975075803	0.031757616326241425	0.06943729807966871	0.00956328808650977
056F63395C	6	0.06731952643712857	0.6413108342396447	0.22572835414506284	0.0656412851781639
056F63395C	7	0.4243677084026074	0.3067735255924365	0.1747734684637895	0.09408529754116644
056F63395C	8	0.008884079026624532	0.7373431876057834	0.1951181755790137	0.058654557788578324
056F63395C	9	0.7743128227346198	0.06731486285706162	0.14401496604910483	0.014357348359213953
056F63395C	10	0.2538795103761316	0.43522131263707764	0.1611538132185052	0.1497453637682856
056F63395C	11	0.19209236910626062	0.5251238216545386	0.23069105535488624	0.0520927538843148
056F63395C	12	0.3452365858972465	0.4053645280830822	0.15319029306440995	0.09620859295526182
056F63395C	13	0.030690025339651095	0.5624057011242721	0.3124549433932622	0.09444933014281465
056F63395C	14	0.6171615866363396	0.14280458881853492	0.19227511616046378	0.047758708384661896
056F63395C	15	0.5165651847363049	0.2900997957575097	0.18676401627659944	0.006571003229586176
056F63395C	16	0.7531542962938852	0.053382986698229634	0.18945534077035428	0.004007376237531031
056F63395C	17	0.047346722684915354	0.5800669702217057	0.34559978765563953	0.0269865194377393
056F63395C	18	0.21521443868332846	0.33350273446734074	0.23601754140429246	0.21526528544503812
056F63395C	19	0.4145803217831625	0.2798109179594118	0.2901677669801261	0.015440993277299633
056F63395C	20	0.07585783916857718	0.42180757819223264	0.19753440193477834	0.304800180704412
056F63395C	21	0.13040396795757345	0.29611279094750825	0.15582572421589178	0.41765751687902647
056F63395C	22	0.10508347564367114	0.5710276319791151	0.3121972387186367	0.01169165365857709
056F63395C	23	0.05357852445674485	0.36357777515146145	0.28632270002573834	0.29652100036605533
056F63395C	24	0.685080526227308	0.1409052988604588	0.16677899915767802	0.007235175754555495
056F63395C	25	0.8851409474269067	0.04040963359170207	0.062291700680227234	0.012157718301163703
056F63395C	26	0.06655567386010432	0.6383118828078801	0.1724305008646525	0.12270194246736339
056F63395C	27	0.44436446702041293	0.3815839410519923	0.12469743419446691	0.0493541577331275
056F63395C	28	0.8485091390368836	0.08802971951555706	0.058843472491288615	0.004617668956270754
056F63395C	29	0.3642801117069401	0.42230814762958546	0.1443383823551962	0.06907335830827833
056F63395C	30	0.6491357650323752	0.10246500824649506	0.24090434032180877	0.00749488639932086
056F63395C	31	0.33031301647160405	0.37634562643797165	0.18579569627221335	0.10754566081821094
056F63395C	32	0.6756851328798599	0.1314247331715482	0.16833524674259415	0.024554887205997918
056F63395C	33	0.6263142882492154	0.2071951016852369	0.15807623356978842	0.008414376495759206
056F63395C	34	0.030232302615989363	0.7210182442345551	0.20647143788629282	0.04227801526316287
056F63395C	35	0.8722746560234295	0.04957632634114382	0.07409069552277754	0.00405832211264915
056F63395C	36	0.5673210660886471	0.10551724682524301	0.21462285429987293	0.11253883278623686
056F63395C	37	0.9434928557764499	0.011342231214501054	0.04150208623049314	0.003662826778555706
056F63395C	38	0.8782253697813847	0.07033613057507697	0.04659228764787926	0.004846211995659082
056F63395C	39	0.8125298869974027	0.04933232243237796	0.12848203317531104	0.009655757394908166
056F63395C	40	0.23933448180594555	0.4546323028036567	0.23192840401574202	0.07410481137465574
056F63395C	41	0.21181015941028575	0.3466998155177717	0.2620112958672734	0.1794787292046692
056F63395C	42	0.8972872850548269	0.02592298449895914	0.07370656505027415	0.0030831653959396757
056F63395C	43	0.7554214297247549	0.1371382674538838	0.09746204291300288	0.00997825990835866
056F63395C	44	0.6921243729169837	0.08031569126057665	0.2120878317783056	0.015472104044134202
056F63395C	45	0.09301503070092579	0.7112969372914563	0.18334350886986558	0.012344523137752366
056F63395C	46	0.062683079944552	0.30104446235863486	0.31745875270906493	0.3188137049877483
056F63395C	47	0.5536173128465616	0.1056860999611459	0.21901780546114932	0.1216787817311431
056F63395C	48	0.8679347358090725	0.03293619702218516	0.09099840361255518	0.008130663556186675
056F63395C	49	0.7131044066759655	0.13289789929115486	0.12159582616033213	0.03240186787254719
056F63395C	50	0.5911697064075612	0.15118519214824108	0.2187853413648841	0.0388597600793137
056F63395C	51	0.8112095301421819	0.08517418575929125	0.0974186744619759	0.006197609636551316
056F63395C	52	0.09970883944382014	0.6623218801482926	0.21479203327049579	0.023177247137391294
056F63395C	53	0.05027423662351865	0.2586256901105036	0.4024599066622093	0.28864016660376857
056F63395C	54	0.8385494872624404	0.04224761828048791	0.11312621854140037	0.0060766759156713705
056F63395C	55	0.8555255599971215	0.022476003027219367	0.10944895718337719	0.012549479792281958
056F63395C	56	0.08597045340893489	0.6222266442832436	0.1507707461351275	0.1410321561726938
056F63395C	57	0.03048941561968778	0.11749481977773572	0.12561105250372248	0.726404712098854
056F63395C	58	0.9433218059734767	0.020452652238161843	0.03174365820903878	0.004481883579322474
056F63395C	59	0.39061810685645626	0.4055980031155388	0.13686676359935554	0.06691712642864918
056F63395C	60	0.40312618785538024	0.4295244001034085	0.14068332860019037	0.026666083441021126
056F63395C	61	0.13306160093174732	0.12526421316143155	0.3180797862565688	0.4235943996502522
056F63395C	62	0.1451278862408778	0.6951898213230091	0.12071954452226959	0.038962747913843694
056F63395C	63	0.3857677553349304	0.3060755624932629	0.2596314129787539	0.04852526919305262
056F63395C	64	0.23626836114058677	0.45051483165106077	0.1748399836208304	0.1383768235875217
056F63395C	65	0.04022431294385998	0.5370996562445024	0.11715102874203567	0.3055250020696019
056F63395C	66	0.806124413926364	0.02860245305077899	0.10867537002156713	0.05659776300128986
056F63395C	67	0.06734087193993164	0.600092107155134	0.2627429369387603	0.06982408396617416
056F63395C	68	0.21176374545196683	0.45693644272553247	0.267019988880445	0.06427982294205581
056F63395C	69	0.739485736983935	0.12361857897190832	0.06746572975678909	0.06942995428736758
056F63395C	70	0.6399769261188685	0.23550354656406117	0.08622079337493532	0.038298733942134816
056F63395C	71	0.01866718459720152	0.720225376847417	0.21903527454635946	0.04207216400902193
056F63395C	72	0.5868759981102994	0.15180121297780452	0.11704710904424788	0.14427567986764803
056F63395C	73	0.3134912006510569	0.3682234270414723	0.17070929710444713	0.14757607520302332
056F63395C	74	0.007225122121243846	0.7309227773707992	0.1986150982868502	0.06323700222110662
056F63395C	75	0.1588227752252054	0.5939081393663042	0.2245985966845465	0.022670488723944143
056F63395C	76	0.4172265799989316	0.36756899616734756	0.15260904479490803	0.06259537903881267
056F63395C	77	0.01618014709420493	0.6902125949430654	0.13409900474704664	0.1595082532156829
056F63395C	78	0.3672535181407814	0.37855833433261293	0.21470606237132095	0.03948208515528481
056F63395C	79	0.006683584147450533	0.6825577503573974	0.11858433834227569	0.19217432715287644
056F63395C	80	0.019020735461901233	0.7255645633439407	0.1472490409945105	0.10816566019964743
056F63395C	81	0.2233617448432914	0.5292724811051771	0.15703271120461496	0.09033306284691665
056F63395C	82	0.06619260221213875	0.7252292170408149	0.17656452962507072	0.032013651121975774
056F63395C	83	0.05838405642498116	0.7100187633421516	0.18409197496862217	0.04750520526424505
056F63395C	84	0.20856458452883644	0.4353193817881115	0.26665651472061946	0.08945951896243282
056F63395C	85	0.13421672763408607	0.44637099369179345	0.13321885348932694	0.28619342518479357
056F63395C	86	0.3245412619711111	0.17169210282658964	0.2695143030700684	0.2342523321322308
056F63395C	87	0.028911157224848452	0.7355924449434166	0.15679080481066407	0.07870559302107076
056F63395C	88	0.05839683806484816	0.46472950022064313	0.2905173391968648	0.1863563225176437
056F63395C	89	0.019379881785442938	0.45356645044592264	0.11689984195205204	0.41015382581658244
056F63395C	90	0.030960009599293625	0.6393761227062903	0.3147610475595596	0.01490282013485668
056F63395C	91	0.08064447989120734	0.5773966142559764	0.1751202545742105	0.16683865127860584
056F63395C	92	0.13116233291360088	0.6946842480964233	0.12187387967158958	0.05227953931838609
056F63395C	93	0.4939427682560776	0.3530548877379625	0.1273847001979894	0.025617643807970495
056F63395C	94	0.29683701909009225	0.25964054862970154	0.16908476967194389	0.2744376626082622
056F63395C	95	0.027945659757939587	0.5798435161756658	0.21972302665419094	0.1724877974122037
056F63395C	96	0.02895325968783029	0.3406371343314707	0.18192189109300727	0.4484877148876915
056F63395C	97	0.021406855550866282	0.8200202454656723	0.12573339684518403	0.03283950213827748
056F63395C	98	0.016005502092990783	0.47775851276903436	0.14020774916563014	0.3660282359723449
056F63395C	99	0.017971034969301	0.47625833088313485	0.3137319081737487	0.19203872597381522
056F63395C	100	0.008311199430080398	0.36263240170950317	0.3164788647880505	0.3125775340723657
056F63395C	101	0.020247845694044433	0.3629952387305662	0.1965702586882469	0.42018665688714274
056F63395C	102	0.10663232996523568	0.25920279545680974	0.1544551996662713	0.4797096749116834
056F63395C	103	0.027507532482448284	0.6969413029033328	0.1538645411697318	0.12168662344448725
056F63395C	104	0.053951469736554736	0.7422420451153167	0.14375686869178858	0.060049616456339966
056F63395C	105	0.016118185399337435	0.14531652809519569	0.2295510181711852	0.6090142683342817
056F63395C	106	0.048708427621244825	0.6409985843117212	0.22799369001438338	0.08229929805265064
056F63395C	107	0.021669137286131582	0.7317595520629001	0.08272144776801882	0.16384986288294953
056F63395C	108	0.010219452278152035	0.14798510026159262	0.1835728648325775	0.6582225826276779
056F63395C	109	0.008428957303286006	0.6916280746488815	0.19054899496444536	0.10939397308338705
