Source Name	Cell ID	archetype 1	archetype 2	archetype 3	archetype 4
13BE29A615	1	0.006259524843005296	0.6502210362339096	0.25964624465753144	0.08387319426555381
13BE29A615	2	0.4172239372850194	0.3671142674245794	0.18154881719367671	0.034112978096724415
13BE29A615	3	0.9669593166143867	0.0025093916156075013	0.02912695828991217	0.0014043334800940075
13BE29A615	4	0.8291424511879506	0.027463437577452843	0.13996022547700054	0.0034338857575963856
13BE29A615	5	0.5898333328335562	0.2183275486741694	0.12179092653135087	0.07004819196092352
13BE29A615	6	0.3826977105414268	0.297652702385079	0.22807479827948463	0.09157478879400935
13BE29A615	7	0.44866942561180917	0.26208159690585486	0.2748120189724939	0.014436958509842486
13BE29A615	8	0.24896144363593645	0.4803907196238347	0.24889941756240375	0.021748419177825093
13BE29A615	9	0.4819067091649704	0.28041829246428807	0.22205151512646804	0.015623483244272878
13BE29A615	10	0.8342040196409558	0.05158033997409703	0.0820678366174856	0.032147803767461576
13BE29A615	11	0.5982816248353081	0.25486840194293775	0.112860425615312	0.033989547606442086
13BE29A615	12	0.06232799589125464	0.6906946543035187	0.22689300388550257	0.020084345919724113
13BE29A615	13	0.2660547744529871	0.3547919308123796	0.35265510076304896	0.026498193971584493
13BE29A615	14	0.1548252448472967	0.2063559714121331	0.5595571131631384	0.07926167057743196
13BE29A615	15	0.12243860696450534	0.1328938944123813	0.37951373036234515	0.3651537682607682
13BE29A615	16	0.9197740419921319	0.027487825925546706	0.04948022602784373	0.0032579060544777917
13BE29A615	17	0.68228056386603	0.11842765077882711	0.17993881073042145	0.01935297462472139
13BE29A615	18	0.05858546072593979	0.7533716740893227	0.16331943598985763	0.024723429194880034
13BE29A615	19	0.3132171080815665	0.3736479847005919	0.23466694557524653	0.07846796164259519
13BE29A615	20	0.5505967588684626	0.2509667177422146	0.1690224406225449	0.02941408276677782
13BE29A615	21	0.84843220597827	0.030236198634861284	0.11394749292308909	0.007384102463779262
13BE29A615	22	0.8974203177073322	0.011179594745639145	0.08791706871194999	0.003483018835078529
13BE29A615	23	0.6663178009342136	0.1403360876719335	0.15336493029797915	0.03998118109587363
13BE29A615	24	0.447623169708326	0.32540742536787937	0.21938846013850644	0.007580944785287986
13BE29A615	25	0.8530593715243683	0.03704518007771188	0.09623066198994173	0.013664786407977792
13BE29A615	26	0.840842462483961	0.03360589729561328	0.1197938746905321	0.0057577655298935325
13BE29A615	27	0.7609691300184243	0.1373592483288445	0.08920323327573235	0.012468388376998837
13BE29A615	28	0.010846291093739264	0.6060086313549622	0.22612519393457567	0.1570198836167231
13BE29A615	29	0.1053698725004099	0.5978101490676648	0.2685111604677472	0.028308817964177908
13BE29A615	30	0.6750012898019131	0.09682915516110194	0.22284221545007707	0.005327339586907801
13BE29A615	31	0.5734371066052522	0.055244711030557406	0.21074802813334736	0.16057015423084292
13BE29A615	32	0.547985080009779	0.18063386823149533	0.13784169916945	0.13353935258927582
13BE29A615	33	0.1738550266851997	0.4258880634322123	0.1965702798621374	0.20368663002045068
13BE29A615	34	0.01907531904717254	0.3554753607205895	0.3098676209070912	0.31558169932514635
13BE29A615	35	0.6635326780260059	0.18256613191991283	0.08846474029239217	0.06543644976168875
13BE29A615	36	0.7299758066705311	0.1066595182726439	0.15125276864456494	0.012111906412259803
13BE29A615	37	0.8920503658184541	0.029865310825774677	0.05238361065089346	0.02570071270487778
13BE29A615	38	0.013822004798040733	0.4543895768356901	0.49565100549136026	0.03613741287490873
13BE29A615	39	0.6845298968429754	0.09282865609225241	0.19669491035637024	0.025946536708402246
13BE29A615	40	0.10159050523568175	0.4016444117058791	0.26315557326435707	0.23360950979408204
13BE29A615	41	0.26764516239184233	0.5716399723012832	0.13407235081034194	0.026642514496532255
13BE29A615	42	0.19119541588067485	0.4110580057806869	0.2825750885089911	0.11517148982964696
13BE29A615	43	0.11680869593823696	0.37093098893553145	0.2342341856835399	0.27802612944269167
13BE29A615	44	0.28342756820861653	0.35728848216291725	0.20462759161397254	0.15465635801449354
13BE29A615	45	0.13136857701241317	0.27192644968755614	0.19717986546178323	0.39952510783824746
13BE29A615	46	0.12171896334460332	0.18699385216507947	0.48052940063612753	0.21075778385418986
13BE29A615	47	0.07264856777665765	0.3340847714174399	0.1675668777854989	0.42569978302040334
13BE29A615	48	0.020550595358480216	0.18967906145319402	0.179734091208348	0.6100362519799777
13BE29A615	49	0.19325300112131155	0.621767082398784	0.13033108445205197	0.054648832027852506
13BE29A615	50	0.12811358758612112	0.3004015273972455	0.2542783686942713	0.31720651632236146
13BE29A615	51	0.057539483269839924	0.4251831995948748	0.20937806613994414	0.30789925099534093
13BE29A615	52	0.19882004075115747	0.4047756176605596	0.22123365058848293	0.17517069099979993
13BE29A615	53	0.4413107550052344	0.29343841083175765	0.1418160438257082	0.12343479033729944
13BE29A615	54	0.03011040843718698	0.457791851514109	0.20597990781830638	0.30611783223039746
13BE29A615	55	0.05068787767332067	0.6201943817474487	0.3125769351600798	0.016540805419151282
13BE29A615	56	0.04746500015604733	0.25042945193024096	0.3523724959791316	0.34973305193458
13BE29A615	57	0.10351132813055348	0.6470987194769402	0.2021268129428315	0.04726313944967472
13BE29A615	58	0.008658089659397234	0.5508823515559346	0.15965264013177194	0.28080691865289653
13BE29A615	59	0.003084758531662189	0.8550593263246	0.11730088556920225	0.024555029574535706
13BE29A615	60	0.12775675188606184	0.42979859888436045	0.23969823947701022	0.20274640975256744
13BE29A615	61	0.41196318127910925	0.2088701766484009	0.2107477200067597	0.16841892206573017
13BE29A615	62	0.04524490326492014	0.3719425457894633	0.1561421517807458	0.42667039916487065
13BE29A615	63	0.03650904713877834	0.0625171106493787	0.1749368597328648	0.7260369824789784
13BE29A615	64	0.20828170390914202	0.32112685611254854	0.320047559611231	0.15054388036707847
