Source Name	Cell ID	PC 1	PC 2	PC 3	PC 4	PC 5	PC 6	PC 7	PC 8	PC 9	PC 10	PC 11	PC 12	PC 13	PC 14	PC 15	PC 16	PC 17	PC 18	PC 19	PC 20
8B697371A1	1	0.3934523222384532	1.377012467350236	-0.5114431859477212	-1.274801734135326	-0.9339908349165637	-0.4232417935013788	-0.25701577856886443	0.18788654514691452	0.03551813685389027	0.03216656617992662	0.1430512600522454	-0.06853960039822608	0.08081745260527412	-0.029038614808018434	-0.06470535169088722	-0.14303701697377466	-0.19877031022689381	0.043704908209332115	0.10921370099679052	-0.06785120590902084
8B697371A1	2	-1.0214682568274034	0.8721825725203843	0.047223318935751483	-1.4735246846764323	-0.7972186379736947	-0.03235964395053424	-0.4046652620686938	0.21244208141695797	-0.12811366843818264	0.14966363496455962	0.01816643728574568	-0.35699099237453585	0.2548315805696908	0.18786247866944905	-0.0005848611753885311	-0.005796066026758092	-0.008694804219688561	-0.01631710904386925	0.1187387070516356	0.04271690347396194
8B697371A1	3	0.15588578624864116	-0.0639494450530543	0.0059919611436680675	0.34959428520438557	0.004005005014239003	-0.013613776488199034	0.1192368660006868	-0.054786000842372264	-0.04077937196148186	-0.05009742679064735	-0.0689874767930153	0.15142677730425924	-0.039682912123386496	-0.10505666345645442	-0.07453160590989831	0.045290118896520966	-0.013005956762953427	0.01356177673897575	-0.03189753264338524	-0.03538441833166973
8B697371A1	4	3.214995839818207	1.3013557267564793	-1.8918204160465002	-2.023229665536545	-1.2450607579347182	-0.9150268950927511	-0.16852209840988017	0.49385191930023226	0.007938336516710217	0.26760564667905884	0.18489671141963315	-0.3349496135700939	0.14597601742534372	0.21982841561384012	0.09792894041756924	-0.21860571203379553	-0.22550444984437304	-0.07687084540374477	0.132856826297028	-0.014999074211648812
8B697371A1	5	1.138276795387266	0.48977311398755563	-0.7444089282994175	-1.445967128721696	-0.6233492708064688	-0.33816689009167356	-0.26091768904451673	0.2560915594344586	-0.003503944459430303	0.23562007265627713	0.15386761683226802	-0.35474355153980563	0.19071821181921372	0.20663761489960658	0.0892889215545311	-0.08985815368891842	0.0018232204281375625	-0.07127866623556825	0.11376261490429113	0.056200442383083415
8B697371A1	6	1.9707726884886332	-0.44570170872619697	-0.7370311758623304	0.012545477359640986	-0.021242722227052868	-0.30942638157973285	-0.030709443222123	-0.013021367491912758	0.129561402326003	0.15871859114923254	0.19473400628240664	0.015907545142117355	-0.06730959311423748	-0.05471780487430835	0.00472424420641208	-0.07351147402974252	0.02976055604519967	-0.04790793725917335	-0.045339633936793335	-0.02255958740821274
8B697371A1	7	1.3461412654183922	0.3840770919380183	-0.5991227251455983	-0.18213750779874033	-0.23620253367581726	-0.4093778217503712	-0.08332032366787959	-6.663278720996073e-06	0.21837374319138478	0.04765491257838602	0.2533689258828406	0.07864437353780845	-0.11972666166558191	-0.11101620019931707	-0.006800670724260423	-0.15969036417962112	-0.10782000331279946	0.02453433386987459	0.0047385343616928215	-0.06649294657739462
8B697371A1	8	1.15084362931844	1.6203182095468005	-1.0305441316081012	-2.3490640890539773	-1.3663697274686322	-0.6433500181484196	-0.4528108322207326	0.4166233861824647	0.03332692660885538	0.17108259689603034	0.2484960342077963	-0.4042885251829962	0.2220976772401455	0.203340299313074	0.10897824098250365	-0.26632238612504755	-0.22969042193109818	-0.05556605216861124	0.20859666986912595	-0.0037733295592549446
8B697371A1	9	1.0371579109245097	0.9604327226473456	-0.7702830557833648	-1.06280789987932	-1.057829107644757	-0.4961063181024474	-0.1442308178298023	0.2045586477490566	-0.08999105770991565	0.14414097231631812	0.024156192129658104	-0.1138394200721558	0.10678118430212738	0.03261380359371076	-0.06977333107918735	-0.06418613648400862	-0.1346553634640992	-0.026026892531941143	0.06994837439938396	-0.04576806801066275
8B697371A1	10	1.3665066777496038	0.5176408026165248	-0.7569397988875914	-1.2441484119283148	-0.737145624225229	-0.423276001350756	-0.08889562625637346	0.25158415761745495	-0.09225620967410819	0.2195584576031835	0.014928835372244514	-0.2961842180859353	0.185842765868874	0.2027774795451051	0.05196014293726728	-0.036788528988555086	-0.00986347487702866	-0.08158023859917421	0.11351879737543895	0.053466690881646406
8B697371A1	11	-1.2320321073610492	0.33361772866029343	0.4215702884516608	0.20314216415288563	-0.18744239703369386	0.1467814112648037	0.12778545030948085	0.0008767318567544036	-0.19401012424365852	-0.0898789159911114	-0.2557785638539399	0.047949186166143375	0.04204408587554298	0.013222172268661908	-0.07253035478112725	0.11639494849954142	-0.02845463544780372	0.025997796597235754	0.0030222002742196757	-0.004320390636618507
8B697371A1	12	-0.004077022839849668	-0.1674485876969727	0.11170703480458803	0.6178886911225171	0.45004859131154457	0.091604101369303	0.23122557665439294	-0.017161171527487667	0.0040087141418406365	-0.0986788825478905	-0.12795537157997655	0.10206394209662391	-0.11206679531337793	0.01564864012983972	0.013043918465048803	0.04278135488490296	-0.029002955047223052	0.04572917445945884	-0.06257832086053808	-0.004997835672244282
8B697371A1	13	-0.20177890873453994	0.49448719082471276	-0.11990994860591092	-0.7926653709325423	-0.43927987310674127	-0.07604316153294488	-0.2540361292876818	0.10386130192569641	-0.023917326509132836	0.08741364391496807	0.07363339193389051	-0.12767228760012536	0.10800867152425027	0.02554013095376774	-0.039630476792579666	-0.015945225795055668	-0.018984609978242462	0.009532700407524845	0.04381770099050865	-0.007982170246019082
8B697371A1	14	0.48513779576231575	-0.848545274170786	0.026032918527469664	0.7648839874679172	0.2601871091264431	0.04965354371321735	0.08505485990771652	-0.17426855959642848	0.017148682467476316	0.0481590050648438	0.00959474777977923	0.12264129706170435	-0.08257819047318228	-0.09990198865715856	-0.04623570796538942	0.04294413987550647	0.09832354924059777	-0.037612496184467104	-0.08760602959934971	-0.012770835825885753
8B697371A1	15	-1.0469602353835783	-0.589790123211893	0.6440687647815139	0.9980620985563241	0.35049994474456025	0.31313973444771276	0.1413848606841682	-0.2411104497641205	-0.06772767135238575	-0.08299599146405738	-0.12449000059740954	0.21482860130892253	-0.05775350418495491	-0.15449358630790674	-0.11362565834785439	0.1356704884665804	0.10718742699041472	0.0210322541450078	-0.07391845669183972	-0.015191637756629107
8B697371A1	16	0.2753432973278937	0.2045376284196035	-0.03719891296840358	0.03735277930753958	-0.2513125829194884	-0.14264868827286362	0.20585692533545263	0.08143814266963954	-0.1747553489403055	0.02653749755768322	-0.25451136369592364	-0.0015134404109041664	0.03337712736383023	0.06455864080250029	-0.05555340341110414	0.12185933472380124	-0.011372019264968156	-0.006222549515269078	0.0005710344138840455	0.01065990267603358
8B697371A1	17	-1.2246795074436734	-1.589378732629787	0.9242409059786395	2.0286889393666887	1.047705558460333	0.5767736639817915	0.31857408882559257	-0.43125711041485426	0.02799684408203314	-0.18502596660759865	-0.0722167682825694	0.3171277342359974	-0.16542402169460685	-0.19380616187029104	0.030584387259861463	0.10890357682722102	0.20338517956973112	-0.045633534293231824	-0.11224836086373013	0.02601925870019704
8B697371A1	18	0.0270622265399029	0.11055631483097556	-0.08921060799566848	0.0488452643835775	-0.23150330165889405	-0.09364077217791565	-0.1209643129408242	-0.07428867786621222	0.059116354478686045	0.03844041742992456	0.11180682777275082	0.06976406141058525	-0.04288973499652642	-0.11226923448279345	-0.07117045431468504	-0.03934860758694848	-0.02178118987006239	0.01370268923722371	-0.022455145297901862	-0.050692584649064516
8B697371A1	19	-0.3275051277686584	0.3708310778374124	-0.05592790255184746	-0.8318992772606043	-0.6560564959586844	-0.08096076337934716	-0.2097695395041214	0.10766403877248466	-0.14618127492167635	0.14607764087572156	-0.030266447845570154	-0.19863172081573793	0.1881728526002697	0.08415519407463544	-0.0370215505051854	0.046998444807444875	0.04071762049619393	-0.04854436627252222	0.06978973002379214	0.028449640243783242
8B697371A1	20	-0.23386405082028602	0.9471964285718263	-0.2845129324156596	-1.3338012364230454	-0.7371754383687737	-0.1653868031658719	-0.38851402964684545	0.18597270889946818	-0.005736944585153642	0.08727546551380733	0.1494829262473543	-0.19452278609239004	0.15499562600687308	0.045221946275901426	-0.023653268717841937	-0.0932593076243416	-0.09226667058360573	0.012750921101029664	0.09227618514155989	-0.021562546135333874
8B697371A1	21	0.3366882858432252	0.31402115651754964	-0.1546484109581641	-0.10013704122401411	-0.24458485984230569	-0.138731207805942	0.1327800537674117	0.06684094160162588	-0.10128326588540242	-0.009966616428751152	-0.13100103548091271	0.04011516447475936	0.02677047477445361	-0.0007433754049288407	-0.05201973609206084	0.05237155930985454	-0.04205659106942704	0.00603819186768697	0.01652529445653133	-0.011638646930055629
8B697371A1	22	0.08972388498865391	0.6756204244089141	-0.329864178902518	-1.0431172691684258	-0.6763852685132726	-0.1786454833534508	-0.2599318435007134	0.16681385087179806	-0.05348330322350674	0.08237202278248734	0.07267369615636765	-0.15664958349246177	0.13802607604102343	0.04743474466323601	-0.015463741839362817	-0.06149235044498265	-0.07435636908905158	-0.018228969879401504	0.07267553579632971	-0.014483529966052086
8B697371A1	23	-0.00268186509765979	-0.4525717712159944	0.18832618342946192	0.7694068502068605	0.14364336015711826	0.0783836543647268	0.3755290799242883	-0.038893835204076986	-0.20146547843688212	-0.05459594949221264	-0.3157887262243589	0.09257319043949815	-0.010698632310347471	0.033166616622761755	-0.006798490581488941	0.1551337980823172	0.052538911698551	-0.048327455980432116	-0.03635814494755452	0.03135808667178836
8B697371A1	24	1.9742719044871107	-0.46345815652739086	-0.78603889401676	-0.6009840359152091	-0.11797113669831398	-0.3302681553052131	-0.38758865321798824	-0.013899655099357647	0.3022857122922602	0.2248118713776979	0.496252051398588	-0.12524877093229367	-0.024472205653444573	-0.05360010771748622	0.08984266692234066	-0.22894135602915808	0.04106305554409853	-0.08108428939904577	0.008137318678024611	-0.0128812668294565
8B697371A1	25	-0.95262116858216	-0.6876838974709557	0.3888553081079706	0.8420021084982201	0.1798949960159772	0.29726378383714797	-0.03176163548888177	-0.25910265071374333	-0.003897666182028883	-0.03328489895316111	0.05475741302769207	0.1657148999222723	-0.044594997432309644	-0.17907842138035795	-0.06073950167665425	0.04005914415858086	0.10616944163015556	-0.029052949719390205	-0.06598801957392202	-0.02441595990946644
8B697371A1	26	-2.5712008897191017	-1.5239991875223917	1.389673312332627	2.0814933965395124	1.1251952809552996	0.8596625986620587	0.38199858566791217	-0.4273246727593752	-0.11516194863817134	-0.24599182628226646	-0.23631768331762185	0.2655556303274145	-0.07289650510164569	-0.12108599892593092	0.04164352958373613	0.2150455742893554	0.2610532793328366	-0.043885222195774315	-0.08116409712512303	0.07494323538905455
8B697371A1	27	1.4068579197485764	0.6165693910764558	-0.9432543430670741	-1.6224035332903528	-0.7400962482048751	-0.41055420814380456	-0.3994602782106129	0.26715682194774126	0.07050198686379554	0.24156440155260678	0.2805036040386788	-0.32477480406655346	0.16471457347027565	0.13621788378162733	0.0723525793873925	-0.15968100624671322	-0.05069578295128404	-0.05920686298586145	0.10074095974816799	0.013614423535361048
8B697371A1	28	-0.18851970574391777	-0.35421996570965136	0.20512408701963383	0.485205279641293	0.25492520012580255	0.14974256077056092	0.15632411894243137	-0.0686174244439294	-0.08045573509159865	-0.03503050648951735	-0.13280009279450275	0.097699543215413	-0.01464781456015687	-0.0383883150016602	-0.0565787925271963	0.10697932673700897	0.06136148651374096	0.010354986171824681	-0.04648079549120053	0.0038082203333243522
8B697371A1	29	0.6169543440684228	-0.44110892053010314	0.05968451906827799	0.3213660033106101	0.271902680376469	-0.014374268954720841	0.2761357075291149	0.008668463368614123	-0.10456407251188995	0.04306222789546054	-0.20405722365588685	-0.004190686371573697	0.018664410696910317	0.07779564005743442	-0.002427529294905163	0.14471433842483813	0.10817424984209745	-0.024716458665414876	-0.012534423718517968	0.05868997923537094
8B697371A1	30	1.021925475241037	-0.10774546779714085	-0.3987421198386433	-0.5494320605270984	-0.0673794374526316	-0.19272223876969813	-0.3065407316209936	-0.0024564493820926655	0.22159893592133667	0.12848625671402006	0.3440024550458363	-0.08459803765879116	-0.008345884115174233	-0.04373313561692518	0.03750235369123769	-0.15516990927549254	0.013544349564076403	-0.019036910911047762	0.01852181202830822	-0.013985159333761188
8B697371A1	31	-1.0644703268403912	-0.5962397407235481	0.5244208956902855	0.9119350206600527	0.6295373483946701	0.3647624635535549	0.06945757676096012	-0.19103198752084632	0.07502808654900266	-0.11909458735283229	0.018454551582127617	0.1156093600755489	-0.11003235496381686	-0.05949938146071186	0.04099960644975602	0.007621267413105777	0.05897474259198115	0.018708974707260902	-0.06438702871213227	0.0061800876753274805
8B697371A1	32	-0.3771698174696949	0.6289345694077361	-0.13650677127944472	-0.7655831958873227	-0.48541273935777135	-0.07072611824396859	-0.25449914577128213	0.13608886763941752	-0.05138662626269923	0.0870852983013936	0.026248724561342415	-0.13934316457788334	0.09054844381479438	0.05325382458612982	-0.0527897674005207	-0.004005985692747266	-0.05336838046496694	0.028782178354082744	0.019698198629763575	-0.02019958641619633
8B697371A1	33	-2.4282601871504093	-1.2955227357554981	1.3149008894494936	1.70736143146503	1.2723930383808484	0.839674855053339	0.3834018131475643	-0.2989340047012211	-0.08933629331022828	-0.2404909359272731	-0.2594612832792235	0.12868483441485443	-0.06020994033850146	0.03275247658394816	0.10874877453422338	0.1863326955630958	0.2226324260279854	-0.013850381946125343	-0.060790983834925975	0.10711186021118245
8B697371A1	34	-0.8668239020706857	-0.10418462538196532	0.5346070085699456	0.6699408054305519	0.16094359535516636	0.202791431473983	0.15844457310249344	-0.16008565394406443	-0.07820250090798152	-0.1549363367154702	-0.141251396749149	0.2630457780567741	-0.039346127751195586	-0.1913020752351521	-0.13431599918636303	0.10769853429321138	0.015418560585971278	0.04796666616336327	-0.0334869581539282	-0.042663878491157284
8B697371A1	35	1.711319043425746	1.1523975804567406	-1.1259244834547337	-1.324009638154928	-0.7862000383336887	-0.5607489137110447	-0.06624966934217277	0.35076027764145706	-0.05296352065235346	0.19790730317706975	0.01197110268262247	-0.20788022823835903	0.09975006667057493	0.15913453074232872	-0.030717857701593534	-0.03524784023667893	-0.13174671704456048	0.024491310323999958	0.06091613608893426	-0.015074099398825775
8B697371A1	36	-0.3960013493929306	-0.032888664002927254	0.2941303334935241	0.5918678706737464	-0.05520918857858535	0.06226120376464748	0.38921974323624786	0.022662389516684922	-0.2915509853121906	-0.07196509469487432	-0.44042392227365346	0.0908952700057271	0.01772717459863217	0.05340963031393793	-0.07672461806995537	0.2104101248816828	0.0047666035671561635	-0.005274639174151318	-0.033820411512748866	0.015200199129646064
8B697371A1	37	0.12440892949797311	-1.9337382527247073	0.3007064779975088	1.8985944031224522	0.8295559938856638	0.38096440695240225	0.3129926359438912	-0.4293299480925023	0.0010845270106838159	-0.012086950704568656	-0.001697485474187565	0.2892365205800131	-0.1279217204456076	-0.20866721929900958	-0.013879775714830097	0.1161467140684386	0.27161603777693544	-0.1056662119108932	-0.13515756331782322	0.023195665461220375
8B697371A1	38	1.3031421928694926	0.08391501706886477	-0.4775287837648538	-0.46062134417682077	-0.23515322451379428	-0.32951977769333074	-0.012650852737863283	0.07998073937734376	0.06077704408412905	0.1300165598404211	0.09161097366923406	-0.11983779311654963	0.025371539318594608	0.07883663308955419	0.055052145415734166	-0.06588861758219568	0.0031676528518302547	-0.0467725483431085	0.05179483144604334	0.026832418279320706
8B697371A1	39	-0.9557256261708145	-1.2207388589745565	0.5807621027568725	1.574813020875615	0.934634163357527	0.4412617686173851	0.1329334474431789	-0.4155999243752773	0.19334385992504025	-0.11281539902614081	0.17059435764925074	0.23398960543809474	-0.18388904533349176	-0.17877264314011193	0.05684334994669902	-0.023818123957770058	0.16650776525339525	-0.01576029327110682	-0.08091909546099536	0.01400550459256798
8B697371A1	40	2.8346686828804035	1.4788822978269403	-1.6846140613391927	-1.836609392561903	-1.221107913023226	-0.9391250906756492	-0.10481295512847291	0.48201156975702625	0.013360779659671487	0.2602823415512293	0.11614808388552333	-0.3445317175957632	0.1023947572175743	0.26158010496898254	0.10217939254550606	-0.1901778739682422	-0.2349693197535513	-0.04946635402249254	0.131055143462775	-0.005123546869315662
8B697371A1	41	1.6117772972799647	1.0069070102064863	-0.919673084790816	-1.570256601331396	-0.9340648947928945	-0.6007408424556288	-0.24856405759448905	0.2679300642321042	0.07312119336158757	0.150747585247419	0.21639471395153728	-0.23880010114413916	0.12430710431125568	0.10578557595937003	0.07303712680456295	-0.20170877398583334	-0.14636844398415577	-0.05240828363978646	0.14897217668366056	-0.005028901140773249
8B697371A1	42	-2.1678256408884202	0.2791551716451262	0.7104985530454571	0.18104915769935898	-0.32307039435586427	0.3251076939074439	0.007201338145094034	-0.026913089984623512	-0.29216800360909545	-0.0579286297492831	-0.3074795264821174	0.013147996884104828	0.11122783303765721	0.0027930152367530003	-0.12688873417492738	0.19436853525536393	0.02866234035823879	0.020315377376949204	-0.012063285047169305	-0.0010834019289794705
8B697371A1	43	-1.8222978876714635	-0.387526350069291	0.8740311341858807	0.982081654269775	0.5562288526631444	0.43948809465322275	0.056099150282161774	-0.2639634712060075	0.07032562069747508	-0.20170383393035546	0.012243147757189366	0.20314646060305874	-0.10008910430214468	-0.15119734815664077	-0.0023854266669197126	0.01813427193705736	0.05092913322775413	0.04097772791193429	-0.03237805027004586	-0.009017999535394132
8B697371A1	44	2.0294722577495654	0.2483882846468749	-0.8948281959434827	-0.21946792594534248	-0.06730673037440559	-0.38981659243326455	0.2871836818825995	0.21688308228569428	-0.04354865751516535	0.08247848848696256	-0.1118986682873302	-0.047543582309125906	-0.021963000940586463	0.1338352960338343	0.03989937037936383	0.020968184500543892	-0.06254024660599553	-0.006884468885691614	-0.003088773863719845	0.01446728736933364
8B697371A1	45	1.6594784960463438	0.010359058694382839	-0.761080250772834	-0.6912602133418193	-0.23086966107425946	-0.2733726235423821	0.012225441725097392	0.1797991423769303	-0.05559629362770839	0.18705390692573975	0.012420063419289067	-0.15995953520807193	0.10671401419371619	0.11846105095482864	0.012834006480204337	0.022423215330750066	0.044020638255699046	-0.04809283011411005	0.0276549378188912	0.036406808562204074
8B697371A1	46	0.8929539635531233	0.6081629712333847	-0.5080725131101029	-0.7067930284415929	-0.5500671083855603	-0.35129276816503097	-0.054537120436083046	0.1781644487673741	-0.03276577395759381	0.09102145060065304	-0.004486764929709473	-0.113624731073807	0.04938162398513531	0.08078228250411479	0.00011862361714729357	-0.046351674365381554	-0.0961336912709848	-0.01204501435675252	0.04548299330505407	-0.01232314851046088
8B697371A1	47	-2.552858895675735	-0.40516017555843226	1.0419409389841463	0.6450485137327571	0.36435231942254487	0.5990594585158392	-0.08722813786123876	-0.2018169594925496	-0.050613595614476835	-0.17706975211890297	-0.047313161546439525	0.07825013706063433	0.014828584556026666	-0.07954816446685371	0.009743360978569697	0.05258117009543902	0.07449681644208062	0.004702285405111868	-0.01819823220384589	0.013035208469435977
8B697371A1	48	0.896133564200816	0.45213590953511973	-0.5514584751071777	-0.47432777493459377	-0.42500781802785886	-0.2700726634894475	0.04650481391598062	0.19793724146535563	-0.12203971072697936	0.1046325430891165	-0.1318974229414663	-0.10155810762047729	0.040373468072259056	0.11830959749516479	-0.04178360542801485	0.03393891028370008	-0.07974362895071013	0.004605967618378636	-0.011708820247947995	-0.013479619110187172
8B697371A1	49	-1.686422172296501	0.5935632775847942	0.726738452013292	0.3319773402467007	0.07783601639076057	0.21429821224003184	0.10356616510683599	-0.061500820237620143	-0.06196417885955663	-0.2244155368803637	-0.18010781041323884	0.18337002424634055	-0.044047920552833526	-0.09695674868510445	-0.1047596175562706	0.06752211354737948	-0.09208829130835057	0.11411020710682276	0.0018968563539672391	-0.04457384538057485
8B697371A1	50	-1.8148275840739105	-0.1809563529463066	0.7206387255086143	0.0459158765158277	0.4677808162373301	0.4257189028629862	-0.2955737551401546	-0.13930357527764917	0.1748641149267208	-0.0804558406686998	0.21584852486299394	-0.058797769636130474	-0.0138068945989104	-0.01622363283218704	0.07062032971424495	-0.08418776923458304	0.05587601340221745	0.04326343684620736	0.010797382400058514	0.021471206467195504
8B697371A1	51	1.5286400182850701	0.7637537088908529	-0.7634938433891951	-0.43873678829873375	-0.12820945190088567	-0.40888349089533155	0.02822870346912118	0.15448390165585474	0.15923884924217285	-0.007779157080209562	0.13217764403685026	0.06011561946204082	-0.10257202606289625	-0.03084237492498786	-0.008893048560727798	-0.12274977061578246	-0.17632038178887113	0.07969037519209533	0.005102368255260542	-0.06535679661503675
8B697371A1	52	0.07726309325584611	0.36755282699828007	-0.0473696003262785	0.22660611238624181	-0.030877671492021492	-0.12885504395562314	-0.03941545003161399	-0.10126876930213494	0.1491938494042869	-0.05251109456149905	0.12659744800470046	0.1823267044751625	-0.1399762295832627	-0.16508871016134005	-0.10470898062006331	-0.07784260369364962	-0.09772254292054489	0.09112387189812256	-0.037628010728753866	-0.08672587295700485
8B697371A1	53	-1.994137488934771	-0.03698774292964301	1.1351423174797837	0.8200599414118142	0.8945297976388499	0.43478777005603425	0.07362829528969435	-0.19289575445149015	0.19806539246258714	-0.316030557085654	0.018500304849764837	0.17166593585219064	-0.16970994034800482	-0.07297775672682646	0.0726754549125694	-0.05442998981383088	-0.04250496142566407	0.1153922210027396	-0.005001133962630604	0.00033184236319071134
8B697371A1	54	2.352671885745458	0.49457135705186533	-1.2883544206449282	-1.4685617348334281	-0.5289639229203756	-0.5467820513930912	-0.31796305665329405	0.27278914226184225	0.18941540180870464	0.24317096141456962	0.37347732201594447	-0.29132711210166384	0.0766302883424965	0.13460006802914698	0.1299037626685632	-0.23062622413035036	-0.07897764485382401	-0.05836612482793087	0.08440428677308068	0.007802895776070919
8B697371A1	55	0.7718494341558516	0.1439456837509584	-0.32038552814096993	-0.5931254530212223	-0.21219000030608756	-0.17497608135739984	-0.09201316365124021	0.09787359207512233	0.014471851274139743	0.08702300280944031	0.06957215119737585	-0.10301913183656962	0.06887586831304576	0.046692702304285856	0.014307761655421027	-0.03551361754261111	-0.00037639411509743175	-0.02276398476424891	0.04315171518991745	0.013066620568583693
8B697371A1	56	0.18309604651475422	0.04268725690530876	-0.08369263540312552	0.1841556641096384	-0.20206284911221248	-0.07044055017700594	0.16023074968070877	0.02195434588857689	-0.13663826317376487	-0.003378534028362016	-0.16935309213321093	0.05244905064881767	0.012105518231376712	-0.0013160147567065274	-0.04942636224960641	0.07517485570571455	-0.01614593184212898	-0.01807219790556568	-0.014188276404514711	-0.009366892415873997
8B697371A1	57	-1.3945840123801552	-0.20867487286156144	0.5994405469438756	0.6009276917411549	0.05352297046417622	0.2973566438106139	0.15594799248342622	-0.0943228421557959	-0.19942438853689357	-0.08297087812885251	-0.25255198614425306	0.08262870631199239	0.036729627620669586	-0.02283854738718651	-0.05923726624870273	0.1619808628168919	0.0666988699296159	-0.008141104821437185	-0.024843091939922284	0.016263106197036664
8B697371A1	58	1.5295205260384608	0.07234141514175225	-0.7157883954883699	-0.6884776856601147	-0.2906979408814994	-0.3553187887946528	-0.3036968923073127	0.04956655087084249	0.21028329982487304	0.18584398497464727	0.34671730944974966	-0.10976241850781104	-0.015721698903693397	-0.02122371093578491	0.0240110850113716	-0.17277238623861335	-0.02480684019140446	-0.024014091383100206	0.01241955121007896	-0.02910215977131346
8B697371A1	59	0.4021189233808861	-0.4116406555972373	-0.17179036963657487	-0.050343929787914875	0.1340374482838405	0.02150857351966642	-0.30097980094861737	-0.10838564619202637	0.21445808733108623	0.04594396310311344	0.33419071895594077	0.02879802840363264	-0.06252825666235098	-0.12836461936486343	0.008196538951278485	-0.15116658094707802	0.010515672065116608	-0.008289420074394156	-0.04003408560990564	-0.045325568713339
8B697371A1	60	-0.10107848238458252	-0.3233335506084803	0.3479204491918548	0.3615281492485126	0.3257446011516464	0.06405894721104954	0.07705888130595627	-0.0914449384851628	0.038176308358187305	-0.007172538866797117	-0.04328844227391668	0.0355005510831512	-0.05081275318641745	-0.002154486759773634	-0.018720655821733774	0.04354235327305494	0.06073960901268331	0.022674365685923743	-0.023405604698130057	0.01810078030173134
8B697371A1	61	-0.25300593297924284	-0.8037127314229247	0.326647349835739	0.7267789504913101	0.4618056637296906	0.262609403798458	0.2643297477399849	-0.0772826650977836	-0.15825189805685724	0.01575048757027007	-0.23632216252825197	0.02812334502495261	0.024347948173299792	0.04911481932638777	-0.011024396671511923	0.20178022908179097	0.1736389767917625	-0.034669683020762614	-0.05577149789875164	0.06477402483793189
8B697371A1	62	-1.168078966541454	-0.5822922536345745	0.563720897683752	0.5394565018708861	-0.03181121249778029	0.33342998810065366	0.0642665554857316	-0.11998906741998307	-0.2456477754281087	-0.018858277707415945	-0.2280222605260773	0.0770814766658461	0.09307957837844952	-0.06988773735048956	-0.09316594506280225	0.19435706754198248	0.13422751654998608	-0.054308011229727844	-0.04123307725044925	0.015518772774188155
8B697371A1	63	1.9617411373281954	0.7001297767154403	-1.1233115339079716	-0.8145110918130357	-0.4203863812921081	-0.44213507666478624	0.162356437854507	0.2951447222303919	-0.09424284017915104	0.13790351332800274	-0.07439560960811246	-0.10879851756712847	0.07472487251180222	0.13705105845199914	-0.01810082901620327	0.02233248098503848	-0.07848786111583145	0.008702983080445122	0.034532549566252554	0.0031842986451280438
8B697371A1	64	1.6440188941078335	-0.35356652833720026	-0.6497512747373612	-0.3922561175262635	-0.2842776442269238	-0.2978803724684346	-0.11711791177150198	0.021801550108010378	0.05441047973327726	0.21007963771604587	0.17478464717084166	-0.10246717710732228	0.04403498709080752	0.008990958509671495	0.016327516943315457	-0.06045673098360167	0.06662156935737353	-0.08769739509438296	0.01074651852295592	0.011132842582786556
8B697371A1	65	1.8884570165387133	0.7545695839252176	-0.9150685928301437	-0.6302059579332023	-0.4459909812055305	-0.5112899008164629	0.12680421696232771	0.21934746231955884	0.002553497196617103	0.05213339884694942	-0.00984116388154704	-0.008515121750601934	-0.00820809650342207	0.042506053633796205	-0.015325510773152909	-0.06301657892882971	-0.15227312505017077	0.017941863145320147	0.038253371946740146	-0.03620654602213549
8B697371A1	66	2.348354326503434	1.7596297727429937	-1.6357023520377294	-2.5310921377321396	-1.6333940426783184	-0.9011714017284672	-0.14423966258924084	0.6130986368757572	-0.1643371898307604	0.2677743397011865	0.0030215206642423623	-0.527857767140354	0.2946569589997869	0.4028347290872115	0.15862016905039483	-0.17605645244888735	-0.23413255891731585	-0.11866369266349193	0.23401837987000315	0.05084488026067121
8B697371A1	67	2.6338562682770528	0.6976676875229182	-1.4755425727989644	-1.0997346608643317	-0.5225200673207815	-0.6035003146108064	0.15650129900445892	0.40504466838908026	-0.04244036556262723	0.162253426070462	-0.005616211127798057	-0.26753002716197466	0.07956335103732488	0.28391987061249296	0.16140601467375787	-0.10506405648633711	-0.13514621126579884	-0.07020363912667661	0.08412861151001916	0.042203570679799
8B697371A1	68	0.8534347732175519	-0.6860680672794918	-0.17384986329609345	0.4659431148611766	0.2217012406538995	-0.023334716137066436	0.1750347154012124	-0.07067803600251672	-0.04549629117009976	0.11194795366672859	-0.059162218779726786	0.02887788594813385	-0.008470412239652638	-0.001693591737506916	-0.023374424692045183	0.1087411716430167	0.14381630817545987	-0.04595659251507674	-0.04788381494643226	0.034411807918239196
8B697371A1	69	2.6650153035537563	1.5182585859496258	-1.4771400293325585	-1.4302245326392942	-0.9109019987086288	-0.8895418625729886	0.12277074181237685	0.5024797874997291	0.0042499252526503675	0.12595050006728042	-0.030124285011949935	-0.28204535496465505	0.02519791705847385	0.3094624187553968	0.15884388673014924	-0.1754232110369858	-0.2951973789909507	-0.02240744805265016	0.12160353039610895	0.004806513158744543
8B697371A1	70	1.8786051238175747	0.4153729174608138	-0.8982194544346229	-0.5575071450084451	-0.3424079081689548	-0.42059191349493147	0.29686253233387916	0.2596078416105771	-0.14406339331905663	0.1273022461012087	-0.1734365477088856	-0.1343747527214779	0.08807818393061939	0.19308055600037027	0.040232403989983005	0.0597538648241534	-0.025331703317947683	-0.04299837313953771	0.059018009107668794	0.05030498696325864
8B697371A1	71	2.5153098449880953	0.9540635688697855	-1.2445202451651847	-1.516990347261523	-0.8483386392940938	-0.7343415034580616	-0.1275173021310676	0.3630020676132801	0.08167778478586596	0.1260276081021441	0.16908573134510665	-0.2397071354500791	0.06946340562278952	0.164315971539613	0.13636990083674963	-0.2411772525952238	-0.22112231125052498	-0.06714615538000451	0.12672880080636573	-0.010741335774236362
8B697371A1	72	2.493754301607801	1.237064108320644	-1.4332149115059458	-1.6660113266645125	-0.7284818746787077	-0.7188919072928017	-0.003295663696965796	0.48589452549694434	0.02825617919121299	0.15994045238343366	0.07367537533936493	-0.3442964660226772	0.10163188459096419	0.31028814256958087	0.1772701302247717	-0.17314700389841153	-0.2044263640688675	-0.03742808448447069	0.13822840183708826	0.03490829584381319
