Source Name	Cell ID	archetype 1	archetype 2	archetype 3	archetype 4
3BD50B1F34	1	0.26673545456357933	0.20537623272347333	0.1498098710106681	0.37807844170227906
3BD50B1F34	2	0.4165512666290977	0.3129562898624645	0.18672260393822968	0.08376983957020803
3BD50B1F34	3	0.8457892578548203	0.030007330260269204	0.1034919760296578	0.020711435855252733
3BD50B1F34	4	0.5843680488421463	0.09482013715560603	0.25808197790492016	0.06272983609732773
3BD50B1F34	5	0.7282783806325249	0.07469605306467056	0.18690344001780418	0.010122126285000267
3BD50B1F34	6	0.8385041607086009	0.021251761359037877	0.13470840029182948	0.0055356776405318855
3BD50B1F34	7	0.26681519245634777	0.46386828872483715	0.19761951288276317	0.07169700593605195
3BD50B1F34	8	0.2699788464276151	0.4876486969443373	0.1973691185899672	0.04500333803808075
3BD50B1F34	9	0.7651843535826595	0.06084958458315038	0.1620016073390847	0.011964454495105512
3BD50B1F34	10	0.7312629922994135	0.058214948916179975	0.1960744319240482	0.01444762686035851
3BD50B1F34	11	0.8617995544820882	0.02568368515749344	0.11092335673733193	0.0015934036230862824
3BD50B1F34	12	0.44257614680293755	0.28504346990557367	0.25060918124012255	0.021771202051366387
3BD50B1F34	13	0.08303684050126689	0.6902607005330583	0.1869504821618116	0.03975197680386294
3BD50B1F34	14	0.5935733926461638	0.10701198702438296	0.27211022965768134	0.027304390671771928
3BD50B1F34	15	0.759448436750721	0.12776115811865155	0.07866024176141777	0.03413016336920925
3BD50B1F34	16	0.8432517075699978	0.04948588645513404	0.09450555616298938	0.012756849811879176
3BD50B1F34	17	0.7030759516631852	0.10921974487025882	0.16533079533727793	0.022373508129277502
3BD50B1F34	18	0.13906772387905095	0.6550982001331535	0.16218743823880488	0.0436466377489909
3BD50B1F34	19	0.40110585753528233	0.3288594305462273	0.258802025290996	0.011232686627494309
3BD50B1F34	20	0.9696980141947117	0.004520612990607916	0.023928260302142297	0.0018531125125385132
3BD50B1F34	21	0.2152741371651079	0.2571853167404066	0.26656110160633	0.2609794444881556
3BD50B1F34	22	0.6937898576228538	0.1925118256319445	0.09395967848022899	0.019738638264972748
3BD50B1F34	23	0.02807284708755936	0.617736977167833	0.22233136929279798	0.13185880645180942
3BD50B1F34	24	0.726834973624671	0.08241681394832712	0.1513319187059227	0.03941629372107915
3BD50B1F34	25	0.0668701370205048	0.18446452687351506	0.22050597827422383	0.5281593578317565
3BD50B1F34	26	0.8085027148288286	0.05932577341607378	0.12355874116595914	0.008612770589138676
3BD50B1F34	27	0.7052292238378963	0.11791252156879378	0.13988396817704843	0.036974286416261576
3BD50B1F34	28	0.7876384340685424	0.05502878014246536	0.14796566118419188	0.009367124604800388
3BD50B1F34	29	0.690762931702968	0.19901638415828313	0.09462335990514227	0.015597324233606593
3BD50B1F34	30	0.638107991468571	0.09698493599396084	0.15839661151078976	0.10651046102667858
3BD50B1F34	31	0.1311606188339678	0.27515663512242367	0.2911870734762271	0.30249567256738147
3BD50B1F34	32	0.16841824977720615	0.32608593196643865	0.43453958406352616	0.07095623419282888
3BD50B1F34	33	0.33611722596390703	0.34203394847494545	0.1867016225098142	0.13514720305133318
3BD50B1F34	34	0.7844368270004762	0.10498935759721473	0.08704968192613625	0.02352413347617268
3BD50B1F34	35	0.928656090353304	0.014820845687494665	0.05009975608656471	0.006423307872636487
3BD50B1F34	36	0.06983331627858612	0.6043454000151006	0.2808911857336502	0.04493009797266287
3BD50B1F34	37	0.3083739793910172	0.25660031956081664	0.41580836261740467	0.019217338430761344
3BD50B1F34	38	0.9440661851540814	0.010176566818023513	0.04448236663539103	0.0012748813925041002
3BD50B1F34	39	0.9263123462228422	0.006217514605903659	0.0628747113677919	0.004595427803462311
3BD50B1F34	40	0.8581848520432828	0.04334123311306243	0.08695274242522184	0.011521172418432772
3BD50B1F34	41	0.05955677436673026	0.5629139936585695	0.2909809066871591	0.08654832528754107
3BD50B1F34	42	0.03923529832590428	0.5736714593790683	0.30969680715883285	0.0773964351361949
3BD50B1F34	43	0.8350451108159255	0.043144600443035856	0.10806297099465204	0.013747317746386465
3BD50B1F34	44	0.9183405413962937	0.020199718286889042	0.0595458387181313	0.0019139015986856453
3BD50B1F34	45	0.35450963713984945	0.20275098106897108	0.42334622216396833	0.019393159627211255
3BD50B1F34	46	0.36645639426309273	0.3194747098591454	0.1685872855728143	0.14548161030494755
3BD50B1F34	47	0.7504100559411385	0.10212716403599074	0.11416170738347113	0.0333010726393996
3BD50B1F34	48	0.7778488833385409	0.06714818053700097	0.0635390488262519	0.09146388729820627
3BD50B1F34	49	0.22828762891030877	0.34752796408451775	0.248578302421128	0.1756061045840455
3BD50B1F34	50	0.027647399415187898	0.6847796194239231	0.221886826300871	0.06568615486001823
3BD50B1F34	51	0.21863623150651013	0.5765258748274974	0.194690515179722	0.010147378486270375
3BD50B1F34	52	0.45463087438368704	0.2557877767345969	0.24364082542502374	0.04594052345669203
3BD50B1F34	53	0.26379002025510434	0.44433380901479463	0.2328482670402199	0.059027903689881436
3BD50B1F34	54	0.48686822720561546	0.3596424395235606	0.13681645298434147	0.016672880286482564
3BD50B1F34	55	0.9310511067040131	0.02184610811397572	0.04163344648313724	0.0054693386988739325
3BD50B1F34	56	0.6953205318031708	0.11102299601716088	0.18259448570554748	0.011061986474121153
3BD50B1F34	57	0.1675977569100615	0.6147221803330298	0.18242844227694668	0.03525162047996155
3BD50B1F34	58	0.8747624615204662	0.05027674731784354	0.06748488948060484	0.007475901681085537
3BD50B1F34	59	0.26550837990300424	0.39543073056985384	0.18821352357028098	0.15084736595686093
3BD50B1F34	60	0.39324962353367154	0.38365935801618456	0.15609941600522342	0.06699160244492025
3BD50B1F34	61	0.03901879767578522	0.5209352865494227	0.23246503690111217	0.20758087887368015
3BD50B1F34	62	0.062289754482401184	0.3406032612651695	0.31924824657946876	0.2778587376729606
3BD50B1F34	63	0.09404578231738658	0.5794287297184455	0.26028522509514607	0.06624026286902197
3BD50B1F34	64	0.8231357904738043	0.05713312532171694	0.1119111492410444	0.007819934963434236
3BD50B1F34	65	0.0202901553702668	0.5687141503132047	0.07891904999250524	0.33207664432402306
3BD50B1F34	66	0.5722568312335489	0.13113016923370271	0.19495618918021534	0.10165681035253267
3BD50B1F34	67	0.030831317781676526	0.6976130578186461	0.19576654052429115	0.07578908387538605
3BD50B1F34	68	0.8573858179255449	0.06559735814286287	0.057435560401697186	0.01958126352989497
3BD50B1F34	69	0.6479499300593293	0.13462655596270695	0.2069031960216202	0.010520317956343254
3BD50B1F34	70	0.0195543202683494	0.08194160258505989	0.0969941258533057	0.8015099512932853
3BD50B1F34	71	0.8814558300370295	0.010893158519943805	0.04928652146607072	0.058364489976956015
3BD50B1F34	72	0.9716972691400337	0.0035770357799011043	0.021927547844256885	0.002798147235808643
3BD50B1F34	73	0.10148682279418993	0.5524783426414507	0.2687831576138798	0.07725167695047958
3BD50B1F34	74	0.007672643412997425	0.298806827922446	0.1261798865970141	0.567340642067542
3BD50B1F34	75	0.5179571942538272	0.13676310750311402	0.14906826377177074	0.19621143447128794
3BD50B1F34	76	0.15127580019072945	0.6281504369500323	0.20821201463896913	0.012361748220269222
3BD50B1F34	77	0.5001905329288413	0.13170535575070402	0.33550052762173255	0.03260358369872245
3BD50B1F34	78	0.4615841142610732	0.2029107978806658	0.12531100573446854	0.2101940821237923
3BD50B1F34	79	0.8856166926158189	0.04356770796768317	0.06273578398377967	0.008079815432718468
3BD50B1F34	80	0.011802307171500763	0.5999611796856653	0.2876186848926965	0.10061782825013733
3BD50B1F34	81	0.04807980775316735	0.8508905475869699	0.06774595620418741	0.033283688455675364
3BD50B1F34	82	0.5838254076687018	0.08808146410954165	0.15913437089940255	0.16895875732235388
3BD50B1F34	83	0.817753568464849	0.03299431755912249	0.09485604529354276	0.05439606868248587
3BD50B1F34	84	0.05521455655822615	0.2634386440549127	0.2054777655531134	0.47586903383374796
3BD50B1F34	85	0.08389725819937179	0.22368317372423505	0.2067716531222197	0.4856479149541736
3BD50B1F34	86	0.18519903979697874	0.30057263937762846	0.2802887882140748	0.23393953261131795
3BD50B1F34	87	0.023383919443504115	0.6073547378699627	0.3268548563326063	0.042406486353927124
3BD50B1F34	88	0.01046849738418986	0.7749248966301628	0.10339942716296871	0.11120717882267867
3BD50B1F34	89	0.1322652330255447	0.2691560006098459	0.1483316839422245	0.45024708242238437
3BD50B1F34	90	0.44232689475620024	0.3068990496597594	0.19632359136266592	0.054450464221374555
3BD50B1F34	91	0.05690971467355534	0.2176194907319993	0.1729548360403146	0.5525159585541307
3BD50B1F34	92	0.07547398973624549	0.581163152469768	0.17297284563534301	0.17039001215864366
3BD50B1F34	93	0.07472066281932906	0.5649013417180634	0.17034424134733114	0.19003375411527648
3BD50B1F34	94	0.007822623094017224	0.6107262872255166	0.361076675913002	0.020374413767463916
3BD50B1F34	95	0.14410363546085123	0.1055846284392052	0.39448640287829906	0.3558253332216447
3BD50B1F34	96	0.052336756914154195	0.6657907784392587	0.23042235082911353	0.051450113817473685
3BD50B1F34	97	0.15205053544116506	0.3335462100063896	0.3874359973482962	0.12696725720414884
3BD50B1F34	98	0.14686594559265942	0.5243479530524596	0.2762021808384245	0.05258392051645672
3BD50B1F34	99	0.45168988798972903	0.13973508666205794	0.1768430933880895	0.23173193196012348
3BD50B1F34	100	0.07891763834505275	0.18942817336765802	0.2523898268339468	0.47926436145334245
3BD50B1F34	101	0.8207874222243179	0.020135353894989008	0.10873124388766285	0.05034597999303053
3BD50B1F34	102	0.02748277494933411	0.5706502732272143	0.30076124501482826	0.10110570680862331
3BD50B1F34	103	0.07711075585862551	0.3068524453490766	0.24071233542303144	0.3753244633692661
3BD50B1F34	104	0.266021238146931	0.10576832234836615	0.3734250390018717	0.25478540050283105
3BD50B1F34	105	0.01306492502051452	0.4252307065239471	0.2504858617237518	0.31121850673178647
3BD50B1F34	106	0.07395430371851147	0.13077534289174117	0.14086877984482887	0.6544015735449186
3BD50B1F34	107	0.0051835906873513166	0.612740002929671	0.2274609218794199	0.1546154845035576
3BD50B1F34	108	0.015050367102069542	0.6666950780859308	0.21982042932037243	0.09843412549162718
3BD50B1F34	109	0.3187026240973628	0.024541528931391398	0.12213327596203709	0.5346225710092087
3BD50B1F34	110	0.02221057636304557	0.22872553117540118	0.2871488846844007	0.4619150077771525
3BD50B1F34	111	0.05871428199163114	0.6520477521869961	0.19139615671272964	0.09784180910864307
3BD50B1F34	112	0.03134553250384329	0.4452606773091324	0.29134628087163494	0.23204750931538948
3BD50B1F34	113	0.7925710835301011	0.006711089476410712	0.1676552376664302	0.03306258932705805
3BD50B1F34	114	0.02127098495484463	0.5110525939829437	0.14110087974110957	0.3265755413211024
3BD50B1F34	115	0.028174570166924023	0.17166275171832993	0.1685997119696111	0.631562966145135
