Source Name	Cell ID	archetype 1	archetype 2	archetype 3	archetype 4
8C633380D2	1	0.9670838560889413	0.006883784434324781	0.02531210893217396	0.0007202505445599023
8C633380D2	2	0.7933644223132673	0.13769243276353746	0.06357614071746095	0.005367004205734242
8C633380D2	3	0.7774354459878144	0.03759898358706051	0.17863466228347963	0.006330908141645682
8C633380D2	4	0.9754218529912845	0.004435861086642842	0.014501689481188492	0.005640596440883876
8C633380D2	5	0.6860202104302477	0.085093197278867	0.19165333790950734	0.0372332543813779
8C633380D2	6	0.41640848748727544	0.4299056926576853	0.14107933574118295	0.012606484113856316
8C633380D2	7	0.034644689246579555	0.5221894337219204	0.38318572269145057	0.059980154340049656
8C633380D2	8	0.013795393903448248	0.37960134085014813	0.4128994119547433	0.1937038532916607
8C633380D2	9	0.9524014799516408	0.005035260494818334	0.04185829732085829	0.0007049622326823845
8C633380D2	10	0.9278093778168118	0.012393858913581786	0.05903027073470306	0.0007664925349033062
8C633380D2	11	0.9206128146777244	0.045722115118723206	0.029160191860364296	0.004504878343187816
8C633380D2	12	0.010806230011761479	0.9700919922930975	0.01182986195240504	0.007271915742736301
8C633380D2	13	0.2942742343671605	0.19011907502700143	0.5099528241488739	0.005653866456963891
8C633380D2	14	0.10301836662444228	0.4763050620463205	0.36131395521723253	0.05936261611200487
8C633380D2	15	0.2267217695991807	0.42076553156418656	0.33538052844605615	0.01713217039057648
8C633380D2	16	0.7776784887307898	0.03129766465388393	0.1831598999415268	0.007863946673799202
8C633380D2	17	0.8964709862442874	0.043077012701059195	0.05793473723842017	0.0025172638162334624
8C633380D2	18	0.9665251801013561	0.004553255302224235	0.028533061672421058	0.000388502923998979
8C633380D2	19	0.02225892109544479	0.8347416239474309	0.1394014208078708	0.0035980341492540396
8C633380D2	20	0.11226814770180477	0.15251847880772812	0.7267118056353937	0.008501567855073075
8C633380D2	21	0.6284628601094134	0.03606707726799716	0.3258559743643586	0.009614088258230805
8C633380D2	22	0.7682884739094131	0.12443495640748446	0.10351409989564565	0.0037624697874567687
8C633380D2	23	0.0030901308896745987	0.005565392502952869	0.054363009166237916	0.9369814674411344
8C633380D2	24	0.6212900757905544	0.06620574187373943	0.10699204679522785	0.2055121355404779
8C633380D2	25	0.06207544363831373	0.2363776856054923	0.6949871114533605	0.006559759302833472
8C633380D2	26	0.965054846103206	0.008535915075107335	0.025249151852245216	0.00116008696944138
8C633380D2	27	0.5730895449478602	0.24097664943196312	0.1807920033427719	0.00514180227740457
8C633380D2	28	0.007776655514288945	0.4906133047325993	0.4925845516736195	0.009025488079492331
8C633380D2	29	0.09941975141398039	0.34153875406860024	0.2574983756119392	0.30154311890548025
8C633380D2	30	0.9905105185199725	0.00017939589142328732	0.007698975351128233	0.0016111102374757925
8C633380D2	31	0.9687159638207602	0.011469669287199915	0.01886629251491735	0.0009480743771224806
8C633380D2	32	0.007758555198695975	0.326500956603109	0.6378473801978194	0.027893108000375588
8C633380D2	33	0.7406452543767185	0.18702474270478683	0.06570466407886298	0.006625338839631585
8C633380D2	34	0.29100389990490255	0.491413421928879	0.21195308259542947	0.005629595570788784
8C633380D2	35	0.8184434018128939	0.06380032279045005	0.1071599677716131	0.01059630762504299
8C633380D2	36	0.005418944238845628	0.9750862812122006	0.016271099435036223	0.003223675113917683
8C633380D2	37	0.953886667299161	0.016328995450077727	0.026801079201569943	0.002983258049190969
8C633380D2	38	0.7592913622332271	0.05066028491638386	0.18448423577254686	0.005564117077842217
8C633380D2	39	0.8383235114824742	0.07893848384450325	0.0705086875214979	0.012229317151524493
8C633380D2	40	0.25832045988599645	0.30754272600848553	0.4241036678724664	0.010033146233051678
8C633380D2	41	0.9751698777059284	0.002187756776992754	0.02166659193551569	0.0009757735815630415
8C633380D2	42	0.3547236499417876	0.08997225916174066	0.5535232202363881	0.0017808706600833
8C633380D2	43	0.1921265993319929	0.4819362409957316	0.31327069840875965	0.012666461263515586
8C633380D2	44	0.7165244705065451	0.2388617155587948	0.04264858503096343	0.0019652289036966556
8C633380D2	45	0.9485524750519319	0.0058521681166461125	0.04299649418167533	0.002598862649746706
8C633380D2	46	0.9372114608458829	0.008973312507232318	0.05093349364723031	0.0028817329996544423
8C633380D2	47	0.7730435466895103	0.14228234188965302	0.08237774165094383	0.0022963697698927454
8C633380D2	48	0.34138887232939624	0.22772264818336627	0.4204385707016743	0.010449908785563308
8C633380D2	49	0.9417001341098721	0.0038039459095498968	0.05265482556862358	0.001841094411954756
8C633380D2	50	0.5366161963946492	0.2618976988634702	0.08534243541110709	0.11614366933077297
8C633380D2	51	0.40684615694185294	0.4936601390436549	0.05752550534230013	0.041968198672191634
8C633380D2	52	0.007825936896559063	0.8563332835711734	0.13481510062460042	0.0010256789076668815
8C633380D2	53	0.25622227199104947	0.5938910490474127	0.1368710053344528	0.013015673627085061
8C633380D2	54	0.8512096796711601	0.09226582499870101	0.0530232495663306	0.003501245763808318
8C633380D2	55	0.24393849159623948	0.4273669337687469	0.23651459838484137	0.09217997625017207
8C633380D2	56	0.32633855026035535	0.6310436344913988	0.03799441853563622	0.004623396712609741
8C633380D2	57	0.022857808981000302	0.2755179987419343	0.695399582348859	0.006224609928206202
8C633380D2	58	0.1194687963737294	0.6400410275157943	0.23334094527418617	0.007149230836290075
8C633380D2	59	0.5320699765778425	0.2774568434219011	0.16719285713431187	0.02328032286594424
8C633380D2	60	0.37857739461336404	0.18731381640444625	0.3625082601470443	0.07160052883514526
8C633380D2	61	0.0023132700627537793	0.8935065115657532	0.10337044904528794	0.0008097693262049612
8C633380D2	62	0.06105131277911388	0.5618687489405366	0.24181476036890023	0.13526517791144926
8C633380D2	63	0.9478177254579011	0.007236719713099698	0.04289036967801234	0.002055185150986856
8C633380D2	64	0.45287900176206575	0.23982836407127758	0.3019344656120505	0.0053581685546063365
8C633380D2	65	0.6045310944160203	0.12409807034454502	0.1759671590173972	0.09540367622203709
8C633380D2	66	0.6260627668763875	0.06387073309331544	0.17272201951635915	0.137344480513938
8C633380D2	67	0.18466227077107167	0.6738452499545443	0.1368750242405896	0.004617455033794214
8C633380D2	68	0.9766305532642263	0.00900537436066071	0.010020826326966072	0.004343246048146761
8C633380D2	69	0.7906734176586946	0.08864122070040038	0.07701490707891379	0.04367045456199144
8C633380D2	70	0.10796120026540401	0.7051581986575978	0.18098882542351813	0.005891775653480335
8C633380D2	71	0.08763443612446864	0.7000740470424912	0.20372521111067882	0.00856630572236099
8C633380D2	72	0.31059363098578413	0.12541114965616412	0.3363154131778304	0.22767980618022118
8C633380D2	73	0.09505574669826908	0.7202753576796341	0.180360064710077	0.004308830912019861
8C633380D2	74	0.7475098532355662	0.027819614985122594	0.20879834302031064	0.015872188759000757
8C633380D2	75	0.13719093235613217	0.16429744298815324	0.6920141195300574	0.0064975051256570835
8C633380D2	76	0.0034211371011647765	0.9201757694479046	0.07502769618073955	0.0013753972701909488
8C633380D2	77	0.03005657437076891	0.7951892661105513	0.11973352285088862	0.055020636667791126
8C633380D2	78	0.580389597432272	0.29236898314481957	0.11726853492125146	0.00997288450165662
8C633380D2	79	0.02278283271406663	0.03425852471630389	0.10604442662412755	0.8369142159455024
8C633380D2	80	0.3226550208353271	0.270723434150799	0.38087761223309696	0.02574393278077699
8C633380D2	81	0.32926029407822693	0.420541200628117	0.23705729310210122	0.013141212191554758
8C633380D2	82	0.9794817571992399	0.0037516900032596293	0.015567153602001168	0.001199399195499295
8C633380D2	83	0.0055034320602266144	0.018531336569990668	0.04613940447205594	0.9298258268977264
8C633380D2	84	0.46604397762884453	0.41460611952325677	0.11250299879571973	0.006846904052179079
8C633380D2	85	0.24102905330923613	0.2737226551955241	0.3849921522082121	0.10025613928702813
8C633380D2	86	0.02988638818522575	0.8529544153886648	0.11572891135150726	0.001430285074602194
8C633380D2	87	0.12131696345939891	0.13376853496915073	0.36339077769983297	0.3815237238716172
8C633380D2	88	0.05834208298342245	0.41083823578822565	0.5270535478256514	0.0037661334027005063
8C633380D2	89	0.05738860184921847	0.5834302479833086	0.344825273920557	0.014355876246915719
8C633380D2	90	0.025560057144979727	0.8137493921326846	0.1565403204355984	0.004150230286737028
8C633380D2	91	0.17417469397136004	0.22460487119782233	0.5948746466511163	0.00634578817970115
8C633380D2	92	0.5453800868990317	0.2770795007841594	0.17325871433835388	0.004281697978454513
8C633380D2	93	0.09906847437528339	0.5969874492932995	0.2947122257007461	0.009231850630670873
8C633380D2	94	0.012193261530583432	0.03931524105196103	0.11742277503792944	0.8310687223795262
8C633380D2	95	0.010146859456829917	0.05856306255823078	0.09460162908205802	0.8366884489028813
8C633380D2	96	0.024412990074212562	0.3729908719491692	0.6000946569231026	0.0025014810535157134
8C633380D2	97	0.006756432507218445	0.8388088175372033	0.15139042354485713	0.003044326410721093
8C633380D2	98	0.05417605834355728	0.7653561091254883	0.16543932219560642	0.015028510335347762
8C633380D2	99	0.009934362866070882	0.6439123095598004	0.34400126313980783	0.0021520644343206623
8C633380D2	100	0.02981441410857715	0.8723800386128993	0.09500201706282922	0.0028035302156945454
8C633380D2	101	0.008512003201092624	0.7639343357763885	0.22446192039926433	0.0030917406232544883
8C633380D2	102	0.029099380388600958	0.803258843186353	0.15471510030922714	0.012926676115818799
8C633380D2	103	0.30611871376602146	0.47923765162060505	0.19921699036909965	0.015426644244274016
8C633380D2	104	0.018971849794026115	0.7494487350078456	0.20837508274960462	0.023204332448523612
8C633380D2	105	0.1081794303578657	0.11695661154488819	0.6671908407191917	0.10767311737805456
8C633380D2	106	0.7366492260171765	0.1261641353778285	0.11932242444053312	0.017864214164461663
8C633380D2	107	0.11092296818712287	0.469941588106794	0.38198357240542846	0.037151871300654705
8C633380D2	108	0.01699603767010689	0.43726495411928257	0.5416937936317042	0.004045214578906088
8C633380D2	109	0.04685346241132789	0.6364620293409149	0.3115190660935573	0.0051654421542002334
8C633380D2	110	0.03205571444893277	0.7558470447525882	0.1873281674879317	0.02476907331054707
8C633380D2	111	0.04393007258769493	0.6358175456018905	0.28994507466118513	0.030307307149229402
8C633380D2	112	0.008202535979084258	0.7545421949012845	0.2322397008246004	0.005015568295030679
8C633380D2	113	0.039603779385138635	0.5118297611595095	0.4328959418984161	0.015670517556935767
8C633380D2	114	0.010312848818807133	0.9156600146543465	0.07325122400135303	0.000775912525493279
8C633380D2	115	0.003401600587058844	0.8784335481828968	0.11659646580244852	0.0015683854275958889
8C633380D2	116	0.017579115665499745	0.8732697303854376	0.10695336284738775	0.0021977911016747187
8C633380D2	117	0.033960508292678306	0.6601415068730678	0.2745850718298219	0.031312913004431925
8C633380D2	118	0.003939552322517679	0.9163418919582594	0.07897424345656415	0.0007443122626588143
8C633380D2	119	0.0018086355251529318	0.8537000270293733	0.13680050610818337	0.007690831337290424
8C633380D2	120	0.04316755058792618	0.04212841188678624	0.31208901303634634	0.602615024488941
8C633380D2	121	0.0007835243613579475	0.007543059954580431	0.012417134569418007	0.9792562811146439
8C633380D2	122	0.038414650930454895	0.040585818828484714	0.5886833853487863	0.33231614489227357
8C633380D2	123	0.19801654842162372	0.017685889828690286	0.7468935467462297	0.03740401500345601
8C633380D2	124	0.025230020460881068	0.3198626810675736	0.5372569108097868	0.11765038766175866
8C633380D2	125	0.02312239442611475	0.4274849161635516	0.3828942005073919	0.16649848890294144
