Source Name	Cell ID	archetype 1	archetype 2	archetype 3	archetype 4
C0FBC841C5	1	0.4534388207212052	0.44888211685858936	0.08217544026140462	0.015503622158800584
C0FBC841C5	2	0.0002601143519029832	0.0006804234465459216	0.001602770227615107	0.9974566919739359
C0FBC841C5	3	0.011664537642813144	0.059792147404217885	0.03879297554388699	0.8897503394090818
C0FBC841C5	4	0.07053444493154	0.24991517113273665	0.6771228341665031	0.0024275497692203625
C0FBC841C5	5	0.0026656513786658892	0.7844996140551944	0.21006274416243997	0.0027719904036996464
C0FBC841C5	6	0.9219821031165173	0.036969864018394985	0.035394767306476026	0.005653265558611504
C0FBC841C5	7	0.004784693451813686	0.7994130199725575	0.17594010499779178	0.019862181577836868
C0FBC841C5	8	0.043970799470727503	0.013138479556278507	0.02624593267729723	0.9166447882956968
C0FBC841C5	9	0.05055310111683752	0.6869628677948706	0.24359678445115246	0.01888724663713961
C0FBC841C5	10	0.1968049393565644	0.362906546694581	0.3506939059065078	0.08959460804234722
C0FBC841C5	11	0.1438683160203942	0.46520153881305953	0.29801658352962596	0.09291356163692042
C0FBC841C5	12	0.8048625547911118	0.04786904967078069	0.1451040657420495	0.002164329796058181
C0FBC841C5	13	0.0007341101942416991	0.0027532356820057775	0.005598220726805588	0.990914433396947
C0FBC841C5	14	0.043493772030184244	0.42144436480218483	0.5169179982405148	0.018143864927115814
C0FBC841C5	15	0.3708962996131784	0.03296832542526102	0.07293766461899355	0.5231977103425672
C0FBC841C5	16	0.4808964255722242	0.13351571236433002	0.20686381510723775	0.17872404695620814
C0FBC841C5	17	0.01416365518731651	0.6804613313131235	0.24467118695085024	0.06070382654870969
C0FBC841C5	18	0.9635082829459005	0.004774812877240993	0.0298754560191327	0.0018414481577256898
C0FBC841C5	19	0.15609496967109868	0.6298301662345802	0.20391576329255276	0.010159100801768635
C0FBC841C5	20	0.06695308064633435	0.2782018903476918	0.5477992526334676	0.10704577637250604
C0FBC841C5	21	0.9364989556827947	0.018266411822163972	0.034761834285637734	0.010472798209403455
C0FBC841C5	22	0.011065109658807904	0.02997418437539338	0.5555054779316563	0.4034552280341421
C0FBC841C5	23	0.060846774963317925	0.6189850874284961	0.262892224125053	0.05727591348313339
C0FBC841C5	24	0.27558058696613047	0.18722763884860238	0.49097444079865893	0.04621733338660829
C0FBC841C5	25	0.0023370838393501512	0.7213546885843116	0.2732639089241293	0.0030443186522088714
C0FBC841C5	26	0.4868853927023541	0.19543721101425152	0.2728227022258676	0.04485469405752709
C0FBC841C5	27	0.32719826180125267	0.03767002099322336	0.23671878721878445	0.3984129299867396
C0FBC841C5	28	0.9650309844714297	0.004112626663198181	0.017266081142282407	0.013590307723090143
C0FBC841C5	29	0.9141081118281484	0.013656342973970462	0.059037083405126985	0.013198461792754333
C0FBC841C5	30	0.550647543572619	0.26922255270248036	0.15310403765743993	0.02702586606746068
C0FBC841C5	31	0.016247124764763927	0.8010767413838693	0.08280868672726711	0.09986744712409976
C0FBC841C5	32	0.0010619325449814424	0.8671141643639384	0.10101582930473933	0.030808073786340595
C0FBC841C5	33	0.9687776707563289	0.010603857557528979	0.0168091728891286	0.0038092987970133312
C0FBC841C5	34	0.7947044673770014	0.04232947436293886	0.08061942288292051	0.08234663537713882
C0FBC841C5	35	0.8554745943707894	0.007014644808945082	0.10507080385835714	0.032439956961908406
C0FBC841C5	36	0.9283819064849195	0.004536424743397298	0.06518174373083262	0.001899925040850845
C0FBC841C5	37	0.014225527391313794	0.5250195267877759	0.4578176252691049	0.002937320551805451
C0FBC841C5	38	0.0049109299423212216	0.9137214579756081	0.0776621890477292	0.003705423034341479
C0FBC841C5	39	0.9027279034844776	0.039704613664784456	0.05496011474960991	0.002607368101127887
C0FBC841C5	40	0.19678604362040497	0.44349367759463537	0.20123815806015788	0.1584821207248016
C0FBC841C5	41	0.8009415074065399	0.039729508637893395	0.08853809060570417	0.07079089334986247
C0FBC841C5	42	0.6668378329137958	0.1515721092737646	0.11797274532239024	0.06361731249004932
C0FBC841C5	43	0.46535197399052225	0.30762586987549967	0.20188805189982967	0.025134104234148226
C0FBC841C5	44	0.6101603155471746	0.20170452809979084	0.18439452652392876	0.003740629829105956
C0FBC841C5	45	0.9854545562662922	0.004328680592373167	0.009469645161220857	0.0007471179801137124
C0FBC841C5	46	0.16329618785723987	0.07392405134412475	0.6844470256721951	0.07833273512644014
C0FBC841C5	47	0.0047649331410107775	0.03710493178427783	0.3380573890829655	0.6200727459917459
C0FBC841C5	48	0.33519277650787294	0.3600382925980746	0.18582617317733519	0.11894275771671743
C0FBC841C5	49	0.6841419293111296	0.13994028773571995	0.16647899041265926	0.00943879254049123
C0FBC841C5	50	0.6271172039948516	0.01879796383832077	0.13887048027102322	0.21521435189580473
C0FBC841C5	51	0.0631665194673271	0.417495469924716	0.10059853828554174	0.4187394723224153
C0FBC841C5	52	0.16035203411530227	0.7652088949509332	0.06482563284546866	0.009613438088295562
C0FBC841C5	53	0.02410673333986424	0.6502215252518081	0.2700754729479953	0.055596268460332526
C0FBC841C5	54	0.09892712288597141	0.7436236761237602	0.12185377680995121	0.035595424180317116
C0FBC841C5	55	0.008158754198229916	0.6148832331885448	0.37456245647899455	0.002395556134230689
C0FBC841C5	56	0.18234825974123955	0.27796411062968607	0.4864147383944869	0.05327289123458768
C0FBC841C5	57	0.10562733878812051	0.31756578060357255	0.3146221285952749	0.2621847520130318
C0FBC841C5	58	0.45302025429706977	0.4296599567590079	0.09916547321318887	0.018154315730733384
C0FBC841C5	59	0.2791390387356422	0.17780361262241917	0.5290823092035375	0.013975039438401223
C0FBC841C5	60	0.3415098817075714	0.2960813611576912	0.2405909680268741	0.12181778910786326
C0FBC841C5	61	0.12896420564739122	0.3790235285211815	0.4666861887185379	0.025326077112889315
C0FBC841C5	62	0.009518110759602003	0.37946443453399	0.23761242252632384	0.37340503218008414
C0FBC841C5	63	0.9799055420198646	0.004562505447404612	0.01418015880988803	0.0013517937228429487
C0FBC841C5	64	0.02368319554567403	0.7090246411452488	0.2516736718530663	0.015618491456010858
C0FBC841C5	65	0.5727826966072329	0.21008218748762403	0.2076243800727539	0.009510735832389034
C0FBC841C5	66	0.5446471666685856	0.149453856152654	0.2355508982407165	0.07034807893804443
C0FBC841C5	67	0.07024989909363012	0.48403581262157885	0.19658890704167226	0.2491253812431188
C0FBC841C5	68	0.3890997502998504	0.48626305532456016	0.1086579854097868	0.015979208965802662
C0FBC841C5	69	0.0007357408816129153	0.02636752606368754	0.010961196651663297	0.9619355364030363
C0FBC841C5	70	0.48719017808357235	0.44630101717350706	0.044313767284346106	0.022195037458574506
C0FBC841C5	71	0.19171887714755295	0.27908426629466665	0.5143234571941564	0.014873399363623887
C0FBC841C5	72	0.7575413933948671	0.028677425211028718	0.18432778672797628	0.029453394666127935
C0FBC841C5	73	0.48380782988719884	0.24868768112661052	0.2282681789039953	0.03923631008219547
C0FBC841C5	74	0.34317716506396895	0.49522803548726096	0.15048071368066487	0.011114085768105235
C0FBC841C5	75	0.7217928785672962	0.06861578785049938	0.17853778055487535	0.03105355302732892
C0FBC841C5	76	0.0019789593486766095	0.779783328278371	0.11269746603602078	0.10554024633693164
C0FBC841C5	77	0.0038779864553879174	0.08937390749944694	0.15345932059995077	0.7532887854452146
C0FBC841C5	78	0.00824838026951557	0.9332275325881835	0.05205089528277079	0.006473191859530045
C0FBC841C5	79	0.5453656339435372	0.08891599381130412	0.3452139360898152	0.02050443615534349
C0FBC841C5	80	0.7490453753809901	0.12773225545289896	0.10136493551317996	0.02185743365293084
C0FBC841C5	81	0.04424648078024652	0.09627340888889874	0.807199488800757	0.052280621530097736
C0FBC841C5	82	0.00862380917563469	0.1739056062999381	0.7901114365467701	0.027359147977656907
C0FBC841C5	83	0.005484158000255494	0.3036764339259416	0.08938016465794994	0.6014592434158527
C0FBC841C5	84	0.04619683807133195	0.45619608263369194	0.2049309055738091	0.29267617372116683
C0FBC841C5	85	0.2561151435107176	0.47859456279173657	0.0685523829202994	0.19673791077724634
C0FBC841C5	86	0.0015634685286774381	0.22599947918368513	0.027718642565568972	0.7447184097220687
C0FBC841C5	87	0.00669307963227778	0.8627292319116805	0.10823408685584157	0.02234360160019989
C0FBC841C5	88	0.019522319103585133	0.6216946542199816	0.13816814695371396	0.22061487972271937
C0FBC841C5	89	0.063706901564021	0.8569170393190219	0.07572770740663674	0.00364835171031998
C0FBC841C5	90	0.17953995893912608	0.5662524362623051	0.2213743959288616	0.032833208869706636
C0FBC841C5	91	0.1632111334554758	0.4259773146076059	0.36531413183791517	0.045497420099002976
C0FBC841C5	92	0.030716623284070016	0.7546038144546531	0.20680058126185039	0.007878980999426539
C0FBC841C5	93	0.0239424961697222	0.6108881978725587	0.35316704504903	0.0120022609086891
C0FBC841C5	94	0.049726335143095705	0.5061053627708276	0.43456690927848063	0.009601392807596063
C0FBC841C5	95	0.04508211891390722	0.5294736604941399	0.34236780690618035	0.08307641368577255
C0FBC841C5	96	0.005669567380529809	0.9121751384067083	0.06973324822740791	0.012422045985354057
C0FBC841C5	97	0.08066718895077468	0.49880495214627657	0.1924973682615689	0.22803049064137976
C0FBC841C5	98	0.006651595289433755	0.7371115265030128	0.17269640403535125	0.08354047417220216
C0FBC841C5	99	0.033901655125083724	0.8651048968384533	0.07350161428505571	0.02749183375140742
C0FBC841C5	100	0.005772228880677255	0.6321608368471374	0.11734991286671972	0.24471702140546578
C0FBC841C5	101	0.014341643339060454	0.6062244034697392	0.36818948862203565	0.011244464569165287
C0FBC841C5	102	0.0915697072526041	0.5077176394380132	0.10194131012588177	0.2987713431835006
C0FBC841C5	103	0.1850612490047771	0.15145778153849915	0.4707909955141502	0.1926899739425735
C0FBC841C5	104	0.00457659190683943	0.7999362161439155	0.17112226234299724	0.024364929606247716
C0FBC841C5	105	0.005681985536036282	0.9242198378439632	0.06637794895369599	0.003720227666304152
C0FBC841C5	106	0.0037807555351400033	0.1763711761091113	0.6661591178586447	0.15368895049710413
C0FBC841C5	107	0.015234609985911519	0.2933821173993419	0.6714327421783058	0.019950530436440617
C0FBC841C5	108	0.07392106729171953	0.2102205607578318	0.5404606778545589	0.17539769409588993
C0FBC841C5	109	0.03136281584178482	0.008886465502880185	0.13702124028326138	0.8227294783720736
C0FBC841C5	110	0.005804065777956311	0.7170284533132742	0.25368996899934954	0.02347751190941988
