Source Name	Cell ID	archetype 1	archetype 2	archetype 3	archetype 4
C95F528559	1	0.9830331857302885	0.005926342031240335	0.00763063077604397	0.003409841462427105
C95F528559	2	0.048214573390120204	0.3450361887726878	0.3680187198429443	0.23873051799424766
C95F528559	3	0.02077037684981452	0.1222675461636209	0.05744891518828225	0.7995131617982825
C95F528559	4	0.8272321806932703	0.08301172080074165	0.07455134066697298	0.015204757839015072
C95F528559	5	0.7493518105214535	0.06391691714946514	0.1690048608229007	0.017726411506180952
C95F528559	6	0.7411543352763246	0.02340199609057611	0.23067889948084888	0.004764769152250529
C95F528559	7	0.00044999587039806755	0.005232067230737277	0.00855539077637833	0.9857625461224863
C95F528559	8	0.40345214063277574	0.036621012049409714	0.1885188971142875	0.3714079502035268
C95F528559	9	0.08146673028078938	0.7318780778313778	0.14791435216078933	0.038740839727043445
C95F528559	10	0.0033939748576160816	0.026600459386462712	0.03446053040549284	0.9355450353504282
C95F528559	11	0.89763770177112	0.009122968701013538	0.06843446809618867	0.024804861431677597
C95F528559	12	0.45385311163668346	0.13079446955722304	0.3930282486430501	0.022324170163043635
C95F528559	13	0.5420835562336491	0.13481854839796054	0.3083508812271728	0.014747014141217589
C95F528559	14	0.01354139615944323	0.8248297957630896	0.0702593112800173	0.09136949679744968
C95F528559	15	0.298527321542713	0.06186354010480002	0.6316504550971109	0.00795868325537614
C95F528559	16	0.03821520448596487	0.04971549364518198	0.5081110583292129	0.40395824353964
C95F528559	17	0.155508807412695	0.3465502018783347	0.49549556129317546	0.0024454294157945852
C95F528559	18	0.725076420110116	0.035989665285929624	0.16040827520098805	0.07852563940296649
C95F528559	19	0.9370209081718074	0.008680248624806071	0.04908161896904289	0.005217224234343816
C95F528559	20	0.6280414858073365	0.04326943429241368	0.3251554413640746	0.003533638536175334
C95F528559	21	0.9492698377747897	0.02420684634899818	0.021453741045710746	0.005069574830501518
C95F528559	22	0.9366126978458915	0.01788339432879277	0.03701585712588695	0.00848805069942881
C95F528559	23	0.5238503380626305	0.01815798099764582	0.4475728127648281	0.010418868174895806
C95F528559	24	0.9472061958057428	0.008544461699249953	0.040539812927486554	0.003709529567520697
C95F528559	25	0.5814311249522933	0.2652686168793765	0.1051943668220829	0.048105891346247404
C95F528559	26	0.059916607996277814	0.8365823245920628	0.09548027049385022	0.008020796917809454
C95F528559	27	0.009811891755265765	0.9306682243919454	0.05204664930620569	0.007473234546583257
C95F528559	28	0.20091728077070273	0.2538596395652058	0.5192049209772147	0.026018158686876965
C95F528559	29	0.49402490017476797	0.06618865649114093	0.3899182403231373	0.04986820301095388
C95F528559	30	0.046107766046909734	0.5833511018633758	0.3610579500513147	0.009483182038399427
C95F528559	31	0.026603415737817975	0.5656985942062364	0.4038277265387729	0.0038702635171727257
C95F528559	32	0.011009976538357115	0.5324908405892625	0.4537196422379443	0.002779540634435938
C95F528559	33	0.001877422141820687	0.7866887870467989	0.20779392828783022	0.0036398625235500117
C95F528559	34	0.8800550169035194	0.07035767690006105	0.04002165412096918	0.009565652075450449
C95F528559	35	0.037554657907582535	0.3441260207126245	0.59960383374592	0.018715487633873325
C95F528559	36	0.35907510369645834	0.07938927406948774	0.5583251026563867	0.0032105195776672545
C95F528559	37	0.0903619706038055	0.5836079906623229	0.1033540291134296	0.22267600962044215
C95F528559	38	0.574172658087266	0.1709477708121882	0.22368798784206995	0.031191583258475923
C95F528559	39	0.043035913861489083	0.8510041589450914	0.0740221181047871	0.031937809088632786
C95F528559	40	0.004128231800859194	0.577247486970863	0.2540725027939893	0.16455177843428842
C95F528559	41	0.7697016521563159	0.17379828341296494	0.041600114045832526	0.01489995038488657
C95F528559	42	0.5330108991157647	0.2324389313281317	0.2077163288776555	0.026833840678448278
C95F528559	43	0.057498383046904786	0.0739755418464437	0.8587073755281945	0.009818699578457102
C95F528559	44	0.07864912172694238	0.06458736013241542	0.7193201129696972	0.1374434051709448
C95F528559	45	0.012717495570836514	0.8763635964613994	0.10753253369042097	0.0033863742773433906
C95F528559	46	0.012414097380280532	0.4743071013811737	0.48397592640653286	0.029302874832013107
C95F528559	47	0.025121551170446208	0.204387511084154	0.1654001225365105	0.6050908152088887
C95F528559	48	0.43379271979784534	0.167885920073759	0.38208594163856746	0.01623541848982826
C95F528559	49	0.06839654332024572	0.5379335959683574	0.3867062814687935	0.006963579242603232
C95F528559	50	0.2131645391304317	0.06613359535116795	0.577949356525417	0.1427525089929834
C95F528559	51	0.01535244922960195	0.004038935987606417	0.012047899372356495	0.9685607154104351
C95F528559	52	0.8800860173191819	0.036900465518974385	0.07950251388862796	0.003511003273215771
C95F528559	53	0.34237525810529124	0.3864935422906327	0.25161654072122036	0.01951465888285552
C95F528559	54	0.036973838356459114	0.3174364505712598	0.2645194924775624	0.3810702185947186
C95F528559	55	0.948796732581408	0.018842650670486655	0.031136450680820684	0.0012241660672849123
C95F528559	56	0.003267035506232672	0.09555593201865314	0.06927570051076855	0.8319013319643455
C95F528559	57	0.11134495386568218	0.7655213979018822	0.1121245484727096	0.011009099759725522
C95F528559	58	0.7587415811727664	0.07977436604141647	0.15536255768299648	0.0061214951028206585
C95F528559	59	0.8349719687187751	0.021256696683443706	0.11830742973668618	0.025463904861095035
C95F528559	60	0.3693427283747652	0.3334955466882897	0.2853971702174965	0.011764554719448622
C95F528559	61	0.557360309393642	0.29632392663841445	0.05974356150259658	0.08657220246534711
C95F528559	62	0.03983832468068286	0.6284006946997164	0.3140612352411809	0.017699745378419795
C95F528559	63	0.3146366404505273	0.5023456859861796	0.17626823395188082	0.006749439611412312
C95F528559	64	0.13330509181883768	0.6896593928472329	0.16478434446271	0.012251170871219307
C95F528559	65	0.0020638268517135165	0.49259734622722084	0.4987961578030906	0.0065426691179749676
C95F528559	66	0.027212492677462483	0.370863262249672	0.10238526073896073	0.4995389843339049
C95F528559	67	0.01646742526807929	0.9147597356948634	0.06496637333034912	0.003806465706708147
C95F528559	68	0.14447755194851392	0.6116489845469159	0.2082348740948447	0.035638589409725294
C95F528559	69	0.07391484539408837	0.8303607951221909	0.09181763375201249	0.0039067257317085815
C95F528559	70	0.003423121633985817	0.8341123277083006	0.15958881904115724	0.002875731616556065
C95F528559	71	0.20743579404613186	0.053224300382308416	0.5249990411977002	0.21434086437385944
C95F528559	72	0.5572770730388339	0.1940097856488616	0.18002341417152898	0.06868972714077586
C95F528559	73	0.031682335950377886	0.7850472542603395	0.17386121175336847	0.009409198035914097
C95F528559	74	0.02459561565937678	0.25194392850709074	0.6842673563062945	0.039193099527238276
C95F528559	75	0.2816902029456064	0.1258183891439232	0.22574238029339977	0.36674902761707034
C95F528559	76	0.0051446328579961165	0.10539940105258151	0.15583477772414955	0.7336211883652731
C95F528559	77	0.0023172230093124148	0.8488204033262492	0.13789475968329692	0.010967613981141357
C95F528559	78	0.02167226708349106	0.7487313338301258	0.09325479053401556	0.13634160855236746
C95F528559	79	0.007834561197768514	0.8599426294513761	0.12813947152689215	0.004083337823962988
C95F528559	80	0.053972687555004124	0.6676068276321999	0.2171277837462096	0.06129270106658631
C95F528559	81	0.02522573113815201	0.5757649442244132	0.14725458195183427	0.25175474268560044
