Source Name	Cell ID	archetype 1	archetype 2	archetype 3	archetype 4
6F18162F4C	1	0.7049542670702493	0.05272008787954648	0.2224804007792508	0.01984524427095298
6F18162F4C	2	0.5206300769121837	0.18609954240447002	0.2584095669071292	0.034860813776217275
6F18162F4C	3	0.7238705338101716	0.08208690829604262	0.17805332615783517	0.015989231735950512
6F18162F4C	4	0.12864971037288725	0.4258549213349219	0.19789924447371257	0.24759612381847848
6F18162F4C	5	0.7564868201038578	0.07706315856265429	0.14405762593450963	0.022392395398978124
6F18162F4C	6	0.3907886506362702	0.3072868660870812	0.2169601317327562	0.0849643515438922
6F18162F4C	7	0.36830061929838664	0.307345310448287	0.30009112103569685	0.024262949217629396
6F18162F4C	8	0.6819273165864379	0.04652703998876902	0.14521939298090691	0.12632625044388615
6F18162F4C	9	0.5390304709556837	0.28995666973566653	0.15428056083295424	0.016732298475695677
6F18162F4C	10	0.7270084651310893	0.07618280029670316	0.10805577496228741	0.08875295960991984
6F18162F4C	11	0.29814699109620935	0.3797779941233024	0.2697311642349597	0.05234385054552842
6F18162F4C	12	0.512830649685803	0.19845625288336421	0.27829277537985087	0.010420322050981734
6F18162F4C	13	0.4406381287561514	0.4407634097238482	0.10453992995560439	0.014058531564395824
6F18162F4C	14	0.06883303426933543	0.24185030577399377	0.41995866641440405	0.26935799354226675
6F18162F4C	15	0.6123984144885455	0.17059367418728769	0.16355432684987978	0.05345358447428679
6F18162F4C	16	0.19353837500364776	0.5802267391060381	0.20241841723178433	0.02381646865852959
6F18162F4C	17	0.02347817309431917	0.46507618999074446	0.19286139499158897	0.31858424192334756
6F18162F4C	18	0.48110187897837	0.013870931155970653	0.36434695055575195	0.14068023930990725
6F18162F4C	19	0.0563845943215242	0.5343556791497214	0.22543083891631405	0.18382888761244012
6F18162F4C	20	0.0466461540716063	0.7603068601623681	0.17315771441427802	0.019889271351747895
6F18162F4C	21	0.8040600177167736	0.06444347371742423	0.07753632917146247	0.0539601793943397
6F18162F4C	22	0.09295238367279475	0.36029185088701543	0.30754379861424397	0.2392119668259461
6F18162F4C	23	0.4458013549954922	0.2671451410578005	0.2088452960104995	0.07820820793620785
6F18162F4C	24	0.7167505577806422	0.16596334457781442	0.10963677903262035	0.007649318608922838
6F18162F4C	25	0.7352694330776514	0.14879538733010422	0.09382648091998964	0.022108698672254887
6F18162F4C	26	0.05029665476541537	0.7966595992547792	0.13527767221068793	0.01776607376911743
6F18162F4C	27	0.64947210351546	0.07928303196963854	0.23014583261576785	0.04109903189913371
6F18162F4C	28	0.4375050213362752	0.2715192282868923	0.15828719291330773	0.13268855746352476
6F18162F4C	29	0.24291100312199415	0.38367132380950536	0.302724891741772	0.07069278132672835
6F18162F4C	30	0.8321498949128621	0.06081927392494137	0.09184342015551886	0.015187411006677589
6F18162F4C	31	0.058372011030171395	0.5971615597130958	0.2835316810231809	0.060934748233551946
6F18162F4C	32	0.5851186345481233	0.27431181127562815	0.13253378745043398	0.008035766725814459
6F18162F4C	33	0.6387893192973624	0.2245947947605093	0.1257647045331178	0.010851181409010797
6F18162F4C	34	0.5271153392681047	0.15167133576464809	0.19953605173739777	0.12167727322984943
6F18162F4C	35	0.006211778422721027	0.7636628993832453	0.1949094805982807	0.03521584159575344
6F18162F4C	36	0.8087677763871881	0.05857974546345881	0.10059803098025756	0.0320544471690954
6F18162F4C	37	0.723256848257536	0.09823771639666995	0.16478276571795256	0.013722669627841662
6F18162F4C	38	0.09084591390536019	0.6679835683541848	0.14297256048635942	0.0981979572540956
6F18162F4C	39	0.9727259948322908	0.006993348847499858	0.019209713511211243	0.0010709428089981249
6F18162F4C	40	0.02899723468990504	0.42448129064585277	0.21447418829032552	0.3320472863739165
6F18162F4C	41	0.5344043169851053	0.10783118248409403	0.16155205986376658	0.19621244066703422
6F18162F4C	42	0.895558085184419	0.018540593918304066	0.05949316473882576	0.026408156158451084
6F18162F4C	43	0.8696328162459218	0.06091181395626874	0.0681215209854283	0.0013338488123810029
6F18162F4C	44	0.11573255669074362	0.6208829923921291	0.15983137518154053	0.10355307573558634
6F18162F4C	45	0.07088270677668398	0.6422680592683832	0.12957311176742203	0.15727612218751066
6F18162F4C	46	0.5208147722982926	0.2922652582854131	0.17031055980264584	0.016609409613648415
6F18162F4C	47	0.01922499903878264	0.41589180346607285	0.31042119135965224	0.25446200613549225
6F18162F4C	48	0.29181980390733947	0.5755386546944944	0.11054523569642734	0.022096305701738872
6F18162F4C	49	0.0070629470110816295	0.2754935564831344	0.17103815023754587	0.5464053462682381
6F18162F4C	50	0.47381416677048976	0.21719284106004635	0.15540431667399623	0.15358867549546748
6F18162F4C	51	0.08987092234804817	0.1504933804959953	0.24692680619929527	0.5127088909566611
6F18162F4C	52	0.4172460267279524	0.0719295029581459	0.2506406778594289	0.2601837924544724
6F18162F4C	53	0.5476842515110026	0.20410758283486824	0.16311479078569374	0.08509337486843536
6F18162F4C	54	0.005322473379539995	0.7699429845958896	0.11559740186518944	0.10913714015938109
6F18162F4C	55	0.018456397238433394	0.8280997723599839	0.12325641921624877	0.030187411185333763
6F18162F4C	56	0.8295099651819492	0.05247243795866635	0.09326019191726606	0.024757404942118248
6F18162F4C	57	0.011234297561774076	0.8947404736321727	0.06056595357623753	0.033459275229815844
6F18162F4C	58	0.6487699568489956	0.15959849922891667	0.1376747548279074	0.05395678909418024
6F18162F4C	59	0.8800073845128981	0.030080271340655978	0.08049255906778094	0.009419785078665073
6F18162F4C	60	0.03605237326625612	0.3366780226425927	0.27584120136459933	0.3514284027265515
6F18162F4C	61	0.08195026347945127	0.6239854486702313	0.26369460086176194	0.030369686988555765
6F18162F4C	62	0.05909543002791673	0.6471888194923289	0.22758446990572054	0.06613128057403392
6F18162F4C	63	0.971034996203727	0.006506353425510319	0.021543939164845056	0.0009147112059179347
6F18162F4C	64	0.21280858989138932	0.6146898134448938	0.12750046705337506	0.04500112961034223
6F18162F4C	65	0.8961666857616835	0.008602138046412777	0.07169600636496139	0.02353516982694242
6F18162F4C	66	0.5893162257312492	0.22878454097413026	0.17189948915841205	0.009999744136208376
6F18162F4C	67	0.810152500750411	0.1334634000075615	0.0495164572080063	0.006867642034021341
6F18162F4C	68	0.01492457330636935	0.24851613056945332	0.2170459451613937	0.5195133509627835
6F18162F4C	69	0.6874481726383468	0.04690744562352198	0.2020274016488708	0.06361698008926032
6F18162F4C	70	0.26837718811463784	0.5286336065114844	0.11654651361515121	0.0864426917587268
6F18162F4C	71	0.2591144836887881	0.08669056819862417	0.164335707767259	0.4898592403453286
6F18162F4C	72	0.50520168555256	0.3636502366061725	0.11289791189536105	0.01825016594590645
6F18162F4C	73	0.06469796251660061	0.43697111707060354	0.34911099086928365	0.14921992954351232
6F18162F4C	74	0.05253142295367192	0.8523217768253399	0.07658739118877383	0.018559409032214313
6F18162F4C	75	0.15114397548800695	0.21343961242969686	0.18583554964328683	0.4495808624390092
6F18162F4C	76	0.4953009962300538	0.34610961512400956	0.1389223839391034	0.019667004706832938
6F18162F4C	77	0.6252872075381616	0.1562760945283546	0.17195683688183835	0.04647986105164576
6F18162F4C	78	0.04796528340272997	0.6862058233473413	0.10275537592758384	0.16307351732234504
6F18162F4C	79	0.4370493502650235	0.37342133799076765	0.14999224507967668	0.03953706666453211
6F18162F4C	80	0.01708579539051115	0.6925437100321593	0.08702924960350246	0.20334124497382708
6F18162F4C	81	0.026107684002549154	0.3189836609123537	0.2226276323813158	0.4322810227037812
6F18162F4C	82	0.007442726275637912	0.6868490604860407	0.14144766157603533	0.16426055166228573
6F18162F4C	83	0.014739173486086428	0.6797438656192956	0.1283369531262807	0.1771800077683377
6F18162F4C	84	0.032303781420139566	0.8879808932145952	0.059091797685780725	0.020623527679484572
6F18162F4C	85	0.5986301392969426	0.264989270392775	0.11010866859776731	0.026271921712514947
6F18162F4C	86	0.007774004993839166	0.5487826777018672	0.1632485080818772	0.28019480922241635
6F18162F4C	87	0.03028325472231953	0.790980046511413	0.1313662952133976	0.047370403552869894
6F18162F4C	88	0.04376414398882338	0.8097219559902096	0.10373962979646195	0.042774270224505286
6F18162F4C	89	0.0783688210513887	0.6471935923806612	0.1733234183003852	0.10111416826756472
6F18162F4C	90	0.8135334572186754	0.0573033123667232	0.10598613653773667	0.023177093876864927
6F18162F4C	91	0.12752249272786695	0.6267377847983732	0.204854119303202	0.04088560317055792
6F18162F4C	92	0.1443325814276414	0.2772626132328441	0.3006948779946884	0.2777099273448264
6F18162F4C	93	0.03303343428899476	0.7652990313216342	0.16440980243266964	0.03725773195670144
6F18162F4C	94	0.34991017640974614	0.16657130701978914	0.1799143877150264	0.30360412885543847
6F18162F4C	95	0.044462365056416604	0.17418533433089897	0.3133207899431042	0.4680315106695802
6F18162F4C	96	0.02169035436043153	0.7916541017075011	0.16172341320665687	0.024932130725410697
6F18162F4C	97	0.03424119124891045	0.4822570699033566	0.20697246609165953	0.27652927275607375
6F18162F4C	98	0.056050312438735816	0.12237756783515011	0.21954217743201818	0.6020299422940959
6F18162F4C	99	0.09840568577731683	0.6025554397452657	0.17121586750368087	0.12782300697373655
6F18162F4C	100	0.07432997683140848	0.2830431780138204	0.2778001652492861	0.36482667990548495
6F18162F4C	101	0.21227923445738167	0.40040029148937645	0.3096194844653308	0.07770098958791088
6F18162F4C	102	0.09403529163611976	0.3512451057679279	0.2961864419752867	0.2585331606206655
6F18162F4C	103	0.05403822868753516	0.040905356472001046	0.24894078694843297	0.6561156278920308
