Source Name	Cell ID	archetype 1	archetype 2	archetype 3	archetype 4
39E81EDC34	1	0.8976522116057192	0.024916045183606232	0.07383515083329013	0.003596592377384236
39E81EDC34	2	0.9093417837578647	0.03222600501079856	0.0555218570112986	0.0029103542200380793
39E81EDC34	3	0.9201087602620651	0.03401712747061573	0.044858250548344865	0.0010158617189741299
39E81EDC34	4	0.7405002969250782	0.03418510680016486	0.21997710674200985	0.005337489532746923
39E81EDC34	5	0.9013348534261642	0.013273002122274832	0.038933162183131545	0.04645898226842929
39E81EDC34	6	0.9147714746774591	0.04228538633579784	0.04060208925858268	0.0023410497281601728
39E81EDC34	7	0.9458857252371393	0.014986064637067175	0.023145450906789003	0.015982759219004616
39E81EDC34	8	0.01304770192280739	0.8076654019771021	0.11805039597118057	0.06123650012890985
39E81EDC34	9	0.0798917143439652	0.8166992555783136	0.07200538045915723	0.0314036496185642
39E81EDC34	10	0.873469661090127	0.10011449301190116	0.01895493279838849	0.007460913099583187
39E81EDC34	11	0.8122350905231888	0.01773345035272006	0.16559649392696352	0.004434965197127706
39E81EDC34	12	0.9905301093233108	0.0019324815052748916	0.0070512722325183404	0.00048613693889593086
39E81EDC34	13	0.09421879720322861	0.7670947317285839	0.13513222047606135	0.00355425059212623
39E81EDC34	14	0.8133177396159025	0.13438173997759728	0.047745906384595804	0.004554614021904521
39E81EDC34	15	0.7743780492379181	0.10848514776490843	0.11532899556021618	0.0018078074369574553
39E81EDC34	16	0.9186700828760453	0.01136590250578365	0.06652283301834458	0.0034411815998262206
39E81EDC34	17	0.04313671543363398	0.3174188676659961	0.3320682246877618	0.3073761922126083
39E81EDC34	18	0.9881199415436434	0.001232426094016955	0.01007520087167581	0.0005724314906639684
39E81EDC34	19	0.5682183044706227	0.25255989640834386	0.17284837170846945	0.006373427412564107
39E81EDC34	20	0.06916860497460185	0.8282049106601588	0.10099351059123951	0.0016329737739999436
39E81EDC34	21	0.28524160250886227	0.3553228337089247	0.3492563604019361	0.010179203380277242
39E81EDC34	22	0.01703590924196285	0.8003951119526221	0.18065083496168366	0.0019181438437311195
39E81EDC34	23	0.1303179738552279	0.1469773709882588	0.7087257134945959	0.013978941661917026
39E81EDC34	24	0.2339432368377795	0.29254933200240546	0.38880425595534224	0.08470317520447267
39E81EDC34	25	0.21137251853725364	0.4908253461030816	0.285540976037813	0.012261159321851742
39E81EDC34	26	0.9270474368344948	0.018282696132042225	0.030703415793643524	0.023966451239819216
39E81EDC34	27	0.07201263614601347	0.16050530425804493	0.2890689123528859	0.47841314724305556
39E81EDC34	28	0.04519147993999666	0.7387950426298459	0.15721059254106987	0.058802884889087303
39E81EDC34	29	0.26284478193567246	0.6003671921138237	0.11922717380703814	0.01756085214346537
39E81EDC34	30	0.4876399213684691	0.17594927231924018	0.32373985558820795	0.012670950724083039
39E81EDC34	31	0.6997114314789589	0.11767169073250053	0.10948007667446831	0.07313680111407236
39E81EDC34	32	0.5351091529423216	0.3357666990346593	0.12652427389371454	0.0025998741293045344
39E81EDC34	33	0.0008025803445095347	0.0017168187428147294	0.003623186226250767	0.9938574146864247
39E81EDC34	34	0.017123588455545336	0.031496850893149464	0.06421300254541608	0.8871665581058891
39E81EDC34	35	0.17265032547960932	0.026099507330801623	0.5827845182312456	0.21846564895834353
39E81EDC34	36	0.010875797965573355	0.8490868939186907	0.07838128630189613	0.06165602181384001
39E81EDC34	37	0.0378452420759324	0.31696872010860955	0.6309527706306212	0.01423326718483681
39E81EDC34	38	0.5309026689732427	0.22148728926780037	0.17261930156173363	0.07499074019722346
39E81EDC34	39	0.00440157378854833	0.6670697449586007	0.32730140834960764	0.0012272729032430552
39E81EDC34	40	2.4962942409706926e-07	4.101435308936813e-07	3.750673392924117e-07	0.9999989651597057
39E81EDC34	41	0.021222359117041185	0.775309827013945	0.1836748202826175	0.019792993586396555
39E81EDC34	42	0.6897337638439429	0.016664351185635383	0.2895280470464733	0.004073837923948408
39E81EDC34	43	0.16616294496594644	0.49489077081230226	0.3195101301640634	0.01943615405768805
39E81EDC34	44	0.007600643582685211	0.9053973857898922	0.08583313756080799	0.0011688330666146678
39E81EDC34	45	0.15192448654661028	0.14157603850975292	0.7034093964183941	0.0030900785252426823
39E81EDC34	46	0.033546296474354725	0.8552419219942717	0.10905803250565939	0.002153749025714078
39E81EDC34	47	0.05618234493792423	0.7294659217475766	0.10629379802575034	0.10805793528874871
39E81EDC34	48	0.0023420461147810817	0.592570866629382	0.3682444850271419	0.036842602228695065
39E81EDC34	49	0.8171846498494431	0.09717864252611055	0.07265520811690725	0.012981499507538921
39E81EDC34	50	0.10127756078043729	0.1257284356950089	0.7587002912246145	0.014293712299939365
39E81EDC34	51	0.23837768648198618	0.25256041422229425	0.4540245850892454	0.055037314206474036
39E81EDC34	52	0.005474579860311782	0.35345566313765425	0.5978226598970149	0.04324709710501897
39E81EDC34	53	0.00598751157583359	0.8545081195185886	0.1384546218909749	0.0010497470146029336
39E81EDC34	54	0.0041173180034021735	0.23446655575829045	0.7604364830187649	0.000979643219542624
39E81EDC34	55	0.0009177222423655051	0.019271744473872917	0.019091429142606177	0.9607191041411552
39E81EDC34	56	0.023852306163791918	0.6549109005734994	0.31765196330833356	0.003584829954375296
39E81EDC34	57	0.14002263663339357	0.45718721477376345	0.3217476246083951	0.08104252398444796
39E81EDC34	58	0.927753450032547	0.028867597896805312	0.04167721902601619	0.0017017330446317113
39E81EDC34	59	0.13628382791725657	0.49442893851527936	0.32749857242229646	0.04178866114516763
39E81EDC34	60	0.762321930951894	0.09705697682211827	0.07421699135797884	0.06640410086800863
39E81EDC34	61	0.2390618079306409	0.555176969855683	0.19697799217545547	0.00878323003822045
39E81EDC34	62	0.5365159294865873	0.3817569980518197	0.05307541731794085	0.02865165514365222
39E81EDC34	63	0.7178862441867432	0.1329784195869229	0.13710235988820893	0.01203297633812518
39E81EDC34	64	0.09826367171095664	0.6656453187484871	0.22946629560389642	0.006624713936659767
39E81EDC34	65	0.04265312606795346	0.5928006406292143	0.20149178438745768	0.16305444891537485
39E81EDC34	66	0.005663744072790471	0.016490926424390356	0.0972595513614867	0.8805857781413325
39E81EDC34	67	0.02963242969406761	0.8701818312085536	0.09616484352111422	0.004020895576264427
39E81EDC34	68	0.2502843384036633	0.4924882454957408	0.2505304832293831	0.006696932871212738
39E81EDC34	69	0.004927921808677198	0.029841722436295428	0.051349423076331675	0.9138809326786957
39E81EDC34	70	0.009107117928862658	0.9117629481953315	0.07615200387473262	0.0029779300010733395
39E81EDC34	71	0.10932093760769916	0.204510543360844	0.6584910386623062	0.02767748036915034
39E81EDC34	72	0.0262288570982853	0.8322732738711884	0.13244626494078227	0.009051604089743657
39E81EDC34	73	0.0025081327125695573	0.8704518464132361	0.11488665818066739	0.012153362693526884
39E81EDC34	74	0.8412634402815261	0.02061132266462818	0.10730930740379388	0.03081592965005183
39E81EDC34	75	0.008118282777283548	0.9364130005431509	0.049037033179053266	0.006431683500512087
39E81EDC34	76	0.36998987170097575	0.15606875389313685	0.4599534389496194	0.013987935456268315
39E81EDC34	77	0.7158329768804249	0.06433663280441264	0.2160652438185158	0.003765146496646681
39E81EDC34	78	0.08420714002134706	0.34241483885405427	0.5108678146621372	0.06251020646246153
39E81EDC34	79	0.01765567357516707	0.5430608121301189	0.2695866942363918	0.16969682005832215
39E81EDC34	80	0.006662081652092281	0.876619430612247	0.11458270742008461	0.0021357803155762096
39E81EDC34	81	0.028733067860213016	0.40109532631961686	0.5568701596069937	0.013301446213176533
39E81EDC34	82	0.024770157305889908	0.7958391108531262	0.14447945855517308	0.03491127328581086
39E81EDC34	83	0.05304488280296574	0.1497280092388252	0.6544620782799887	0.1427650296782205
