Source Name	Cell ID	archetype 1	archetype 2	archetype 3	archetype 4
F8346191C7	1	0.3167773774010036	0.3332456480696462	0.203100405191887	0.14687656933746335
F8346191C7	2	0.7088787791317018	0.06099966096765784	0.22438513566925083	0.00573642423138931
F8346191C7	3	0.3063984734316289	0.3922671129224439	0.2158168784240515	0.0855175352218757
F8346191C7	4	0.3764695836003971	0.4527242133279293	0.1366885448339366	0.03411765823773711
F8346191C7	5	0.849857278016787	0.07429683341399314	0.06317069022092399	0.012675198348296064
F8346191C7	6	0.849616389594522	0.026155357893410214	0.11827239234519153	0.0059558601668762215
F8346191C7	7	0.914282802842272	0.013103085844149152	0.06794862434852278	0.004665486965055852
F8346191C7	8	0.7645427584324777	0.0411141614719163	0.18480893514055424	0.009534144955052195
F8346191C7	9	0.874826017694173	0.04049841852196729	0.08082199652002886	0.0038535672638309935
F8346191C7	10	0.009901706398396815	0.5894408105635869	0.38277401949043477	0.017883463547581434
F8346191C7	11	0.6146680369416143	0.06509633389129162	0.26876318058851933	0.051472448578574644
F8346191C7	12	0.21666869975099437	0.31195570359695646	0.31729620589415275	0.1540793907578965
F8346191C7	13	0.8807572943137905	0.043429555063764315	0.06996514798599011	0.005848002636455421
F8346191C7	14	0.5145541779756462	0.16118811934566576	0.2325704539444582	0.09168724873423008
F8346191C7	15	0.4233222703515314	0.33725561814153676	0.14740153309872644	0.09202057840820546
F8346191C7	16	0.5107767221344945	0.20076131692207397	0.25011751434923374	0.03834444659419802
F8346191C7	17	0.2043596832042003	0.49884793005430833	0.23661537835039828	0.06017700839109332
F8346191C7	18	0.7863550727114558	0.1016504954446266	0.1037496268459752	0.008244804997942497
F8346191C7	19	0.957007529408196	0.010813619191942396	0.03153242155211063	0.0006464298477509127
F8346191C7	20	0.3042642338570318	0.4962954116479981	0.15417310663277156	0.04526724786219846
F8346191C7	21	0.8530765571558696	0.03738487387932206	0.10404776398107653	0.005490804983731697
F8346191C7	22	0.7173591174759556	0.09838814935882212	0.17625044447423027	0.008002288690992053
F8346191C7	23	0.4224422322513598	0.34247247167655365	0.1858231319811237	0.04926216409096296
F8346191C7	24	0.15895402730579997	0.35063411144973705	0.3955940224981186	0.09481783874634418
F8346191C7	25	0.41927955023480157	0.345776047639195	0.2147720082225673	0.020172393903436284
F8346191C7	26	0.9221339666719455	0.007335379244256011	0.06731229474856971	0.0032183593352286444
F8346191C7	27	0.5047992538574851	0.3863294656249537	0.07955080160659835	0.02932047891096304
F8346191C7	28	0.8148864072177098	0.030585086220295394	0.13757805016126187	0.016950456400732783
F8346191C7	29	0.02687514039864885	0.5814247160618428	0.30091541295295965	0.09078473058654868
F8346191C7	30	0.8459923410832558	0.05453328537168594	0.09290739369457962	0.0065669798504786915
F8346191C7	31	0.8236840947818183	0.060927096561924764	0.0762654334828859	0.03912337517337081
F8346191C7	32	0.12331665250189854	0.424194811349009	0.39737321864461445	0.05511531750447805
F8346191C7	33	0.25391845275261293	0.28327660147771627	0.27367253229212773	0.1891324134775433
F8346191C7	34	0.5919828661723776	0.22248530672061842	0.15036571226913967	0.035166114837864255
F8346191C7	35	0.39552678564703	0.141287805098086	0.23688561157656085	0.22629979767832337
F8346191C7	36	0.2360888935673439	0.3392868876563997	0.1601693785968714	0.26445484017938503
F8346191C7	37	0.4198979788045047	0.36844757328372707	0.17057032991774104	0.04108411799402727
F8346191C7	38	0.28472450825229184	0.43192498594917156	0.13133156082732445	0.1520189449712121
F8346191C7	39	0.8318209825321282	0.05487579509039239	0.1080999851936633	0.005203237183816071
F8346191C7	40	0.10787362232709799	0.29097498520599624	0.19659656633076975	0.40455482613613614
F8346191C7	41	0.8587242475345361	0.06575627919871337	0.06342827408839842	0.01209119917835188
F8346191C7	42	0.538955763571932	0.27490188470516796	0.17821210837272436	0.00793024335017597
F8346191C7	43	0.5473295086954277	0.19974871036307423	0.16974962296075535	0.08317215798074255
F8346191C7	44	0.37847143970794256	0.24865365263583544	0.30267485276103606	0.07020005489518569
F8346191C7	45	0.8222983368917262	0.04413590831149851	0.13029615714560083	0.0032695976511744208
F8346191C7	46	0.3622921240509209	0.32214637014069464	0.29277551127155893	0.022785994536825456
F8346191C7	47	0.8249874721581167	0.03369852465230693	0.12846121072299702	0.012852792466579275
F8346191C7	48	0.3684915891224567	0.37373485262325845	0.247551421723735	0.010222136530549649
F8346191C7	49	0.7984835111097623	0.0991016435372227	0.06933334509688435	0.03308150025613042
F8346191C7	50	0.16644049565030783	0.3987347341090163	0.3543794121229527	0.08044535811772305
F8346191C7	51	0.1439748412388809	0.5886421167557703	0.1905393334609605	0.0768437085443884
F8346191C7	52	0.8779960449249897	0.037786161277973976	0.07985985659211037	0.0043579372049259
F8346191C7	53	0.8475659422351374	0.07468686596546285	0.07134338852335007	0.006403803276049848
F8346191C7	54	0.21375140190411074	0.2609338983871338	0.5026991384426801	0.022615561266075473
F8346191C7	55	0.44453685057913284	0.21774367592458918	0.31515412247543834	0.02256535102083923
F8346191C7	56	0.16339843201215554	0.4027377254365168	0.17322027516474478	0.2606435673865826
F8346191C7	57	0.06600400723643995	0.4156791953531805	0.2177350428996155	0.30058175451076397
F8346191C7	58	0.08605389472820156	0.46640148752637384	0.23955506226978518	0.20798955547563916
F8346191C7	59	0.033300251981868076	0.5578697555172798	0.20519155158547733	0.20363844091537456
F8346191C7	60	0.47589943793168765	0.1984260256666298	0.29246774321129737	0.03320679319038538
F8346191C7	61	0.29091288160954226	0.13020487554707366	0.23532983737531651	0.3435524054680675
F8346191C7	62	0.3582212919722957	0.27061620220815347	0.34465564152012584	0.02650686429942493
F8346191C7	63	0.049782603519363616	0.3516650335722689	0.33752718754983396	0.2610251753585335
F8346191C7	64	0.5083396310354493	0.20341556602562683	0.19427788633941528	0.09396691659950884
F8346191C7	65	0.011935066630552308	0.34312337243495533	0.17658151761257918	0.46836004332191306
F8346191C7	66	0.12123478045315204	0.47535514057257405	0.325304320133268	0.07810575884100605
F8346191C7	67	0.03011596637246934	0.2069668179821196	0.32283678580310976	0.4400804298423011
F8346191C7	68	0.7608106180445674	0.12069860127061484	0.11166891234612146	0.006821868338696528
F8346191C7	69	0.11898950720373816	0.39344512070234794	0.4258660720958863	0.06169929999802769
F8346191C7	70	0.8272715550460554	0.08541625229358875	0.08180512805227268	0.005507064608082942
F8346191C7	71	0.56646704724581	0.07195727029218653	0.30333135538916267	0.05824432707284077
F8346191C7	72	0.6754966317811014	0.22194258056110583	0.0818418089895378	0.020718978668255145
F8346191C7	73	0.4439608888876517	0.3185369743143712	0.20844815419208806	0.029053982605889175
F8346191C7	74	0.7954375612032968	0.09854692185910391	0.09203219819658459	0.013983318741014808
F8346191C7	75	0.6394169727510781	0.09319833751761103	0.16982763798688966	0.09755705174442136
F8346191C7	76	0.5910592436884886	0.2054104580296646	0.15374133526422964	0.04978896301761716
F8346191C7	77	0.6348091940263288	0.1811595061520488	0.1505521897771871	0.033479110044435226
F8346191C7	78	0.6146236611771854	0.20066686890254606	0.11728922560745383	0.06742024431281472
F8346191C7	79	0.6260737031336764	0.16759560468411494	0.1410998873530363	0.06523080482917211
F8346191C7	80	0.8817043254436383	0.027222002994282513	0.07766113750659895	0.013412534055480043
F8346191C7	81	0.27361793423104797	0.37108012863162565	0.21707688929446983	0.1382250478428561
F8346191C7	82	0.30243711877074103	0.18472109518699154	0.4367594456569261	0.07608234038534122
F8346191C7	83	0.7407652300886466	0.07164478868140686	0.12240868569284107	0.06518129553710546
F8346191C7	84	0.5449643179973361	0.15828732373261506	0.24300685417456808	0.053741504095480966
F8346191C7	85	0.36585288675826344	0.25147421708264517	0.2505068941428166	0.13216600201627485
F8346191C7	86	0.2055920013458658	0.5201285940461735	0.08554002335873166	0.18873938124922895
F8346191C7	87	0.031074831079710184	0.7540603230101411	0.12328452271731893	0.09158032319282992
F8346191C7	88	0.20517190942338057	0.3385334744228309	0.3367158711062984	0.11957874504749033
F8346191C7	89	0.43121248962483044	0.057573435445083275	0.12812363546639002	0.3830904394636962
F8346191C7	90	0.7439125015912531	0.07316839637269326	0.15172858733061245	0.031190514705440993
F8346191C7	91	0.09897659976454502	0.5985741163411359	0.23247060340023665	0.06997868049408233
F8346191C7	92	0.7530963762126147	0.1533568296345484	0.08586523817214642	0.007681555980690672
F8346191C7	93	0.8683440196709529	0.03500893740116879	0.09412846365384293	0.002518579274035536
F8346191C7	94	0.32214613078245885	0.1503435424406832	0.28038701397025545	0.24712331280660257
F8346191C7	95	0.1908130527695954	0.48930226316421493	0.29860251769393564	0.021282166372254163
F8346191C7	96	0.7772023905709106	0.10739294994773928	0.10282451707100898	0.01258014241034131
F8346191C7	97	0.46368928041108143	0.22094742928347041	0.14442766743798063	0.1709356228674676
F8346191C7	98	0.6274123529914656	0.10847909190760667	0.14718147952482286	0.1169270755761048
F8346191C7	99	0.8643605598102014	0.04289773902130912	0.07510058833345083	0.01764111283503865
F8346191C7	100	0.056366940151520675	0.14687621907771767	0.24148652172112017	0.5552703190496413
F8346191C7	101	0.048194770854137155	0.1492955880904705	0.13534509679757656	0.6671645442578156
F8346191C7	102	0.0582100517281065	0.6918036526276553	0.22816969633750944	0.021816599306728565
F8346191C7	103	0.934895205085597	0.017299042742803604	0.04471276012349876	0.00309299204810064
F8346191C7	104	0.06133689696528032	0.4826403868518357	0.38034810906970284	0.07567460711318136
F8346191C7	105	0.15402682990313082	0.2809808258382678	0.15101337130869294	0.4139789729499087
F8346191C7	106	0.7633587594597815	0.08791887406535187	0.1067183738062111	0.04200399266865554
F8346191C7	107	0.14524122906299647	0.5854184857512783	0.14497611673033992	0.12436416845538548
F8346191C7	108	0.3317033459836342	0.19362521497576352	0.33191270457290173	0.1427587344677007
F8346191C7	109	0.8493069523770428	0.02485766859329637	0.12242062870312372	0.0034147503265371222
F8346191C7	110	0.7705972232281385	0.09564461327739958	0.120694436652942	0.013063726841519928
F8346191C7	111	0.01121073603856669	0.2192152317909026	0.22777419163789067	0.5417998405326399
F8346191C7	112	0.036781773745936705	0.4623972703558928	0.4108758527257157	0.0899451031724552
F8346191C7	113	0.04767988974208841	0.4453673796804298	0.15787774164983198	0.34907498892764965
F8346191C7	114	0.09891448549230591	0.48516622810708804	0.3569401423726313	0.058979144027974446
F8346191C7	115	0.0101123970586837	0.6581004453577991	0.11143343616187511	0.22035372142164214
F8346191C7	116	0.053284393028847424	0.61503899227546	0.2824966469397231	0.04917996775596976
F8346191C7	117	0.009432795385709743	0.1629902252111875	0.26397773021998705	0.5635992491831158
F8346191C7	118	0.34746208656332933	0.3437539729442519	0.18832945679380828	0.12045448369861078
F8346191C7	119	0.35050308487858794	0.194755737792267	0.2229232531524679	0.23181792417667713
F8346191C7	120	0.04097879846110966	0.46487235111239256	0.2606007983912673	0.23354805203523066
F8346191C7	121	0.2097326404468633	0.6076713621078245	0.13177930573427069	0.05081669171104135
F8346191C7	122	0.4727854081770066	0.2924582068898664	0.19605492950429038	0.03870145542883646
F8346191C7	123	0.12378388155007886	0.27391376829357506	0.5771205971440803	0.025181753012265697
F8346191C7	124	0.7227016129010054	0.09589849444859413	0.09656427386795334	0.08483561878244744
F8346191C7	125	0.138792861712336	0.656800290056412	0.15329760414859095	0.05110924408266092
F8346191C7	126	0.061640230893343216	0.32271886301891395	0.19146281026924775	0.4241780958184949
F8346191C7	127	0.12588018286034802	0.5101655712539168	0.24283348201561397	0.12112076387012131
F8346191C7	128	0.017258517617013615	0.3448561147884254	0.24009964196690328	0.3977857256276578
F8346191C7	129	0.03138242099815184	0.38741866193653995	0.17421140955711062	0.4069875075081978
F8346191C7	130	0.04147783066547331	0.7127943960809301	0.16940324273787669	0.07632453051571995
F8346191C7	131	0.039324586778350164	0.74197091723988	0.17933295571735874	0.03937154026441079
F8346191C7	132	0.039657384456083355	0.8425858431651284	0.10289300131977461	0.014863771059013485
F8346191C7	133	0.20065458234656633	0.39000259239681784	0.16470463477421696	0.24463819048239877
F8346191C7	134	0.1120737129659413	0.4719601074169545	0.34898217544959126	0.0669840041675131
F8346191C7	135	0.02459749726071868	0.6515004224535348	0.10851662209379434	0.2153854581919524
F8346191C7	136	0.591078960196928	0.2057980727854348	0.1512547980412291	0.05186816897640833
F8346191C7	137	0.010065555765569644	0.16068440244525353	0.12507475024293685	0.7041752915462397
F8346191C7	138	0.11899323620208271	0.49811206021348775	0.31004053600003034	0.07285416758439912
F8346191C7	139	0.011949136816198407	0.7311375446778857	0.23538000140049647	0.021533317105419364
F8346191C7	140	0.10398970990962358	0.5679766327875476	0.24275302622357758	0.08528063107925121
F8346191C7	141	0.2131726258698676	0.22302276962468903	0.37947528563369926	0.18432931887174395
F8346191C7	142	0.16399387258004028	0.49682783264875713	0.2705517096992387	0.06862658507196373
F8346191C7	143	0.06685926512272693	0.672276925657627	0.1303013848222249	0.13056242439742122
F8346191C7	144	0.8773376152279845	0.007046122431880531	0.10092407991188483	0.014692182428250097
F8346191C7	145	0.31459331627689174	0.23434046301316222	0.2925366344729444	0.15852958623700145
F8346191C7	146	0.11577431791246125	0.719959110977259	0.11459699545957795	0.049669575650701764
F8346191C7	147	0.05884099302243837	0.5031457582712414	0.2074732328583475	0.23054001584797257
F8346191C7	148	0.028969070062501278	0.24120000236027053	0.1614177059119565	0.5684132216652715
F8346191C7	149	0.017148926899384694	0.7093193799639455	0.11162135176255285	0.16191034137411722
F8346191C7	150	0.09020685303193397	0.3551632330379991	0.1453724744712033	0.4092574394588634
F8346191C7	151	0.20621202089638488	0.14907001229958017	0.18777703680345076	0.4569409300005842
F8346191C7	152	0.03722940457550363	0.10777575001993218	0.2490941671167239	0.6059006782878404
F8346191C7	153	0.08279928063044116	0.3265150707637451	0.32599836816007827	0.2646872804457354
F8346191C7	154	0.5432933262415361	0.05614912017609984	0.2128845978653994	0.18767295571696432
F8346191C7	155	0.030106945021271612	0.23575642475623607	0.33851267544760777	0.3956239547748845
F8346191C7	156	0.14807933418769856	0.36415806430192016	0.312088302610106	0.17567429890027525
F8346191C7	157	0.1557789728649946	0.08591747482636183	0.4410586409093021	0.3172449113993415
