Source Name	Cell ID	archetype 1	archetype 2	archetype 3	archetype 4
8CA33561B5	1	0.3163996400551512	0.11706461851752938	0.1832643842211302	0.38327135720618916
8CA33561B5	2	0.838305705983837	0.02863645318062819	0.06422144272968071	0.06883639810585422
8CA33561B5	3	0.927763994735699	0.013398491289233505	0.04619071210338783	0.012646801871679547
8CA33561B5	4	0.012051356753313954	0.26499861740203956	0.23694963675658856	0.486000389088058
8CA33561B5	5	0.006263155612800802	0.8789907044123272	0.1068878549333464	0.007858285041525503
8CA33561B5	6	0.9123546304542309	0.03487623636595045	0.04949469368731607	0.0032744394925024933
8CA33561B5	7	0.5052155274935057	0.2691376095125589	0.21407627617220581	0.011570586821729355
8CA33561B5	8	0.7652610410489127	0.07377626479414287	0.1580224085055601	0.002940285651384367
8CA33561B5	9	0.25789849693351036	0.2619540797078535	0.32755962192653076	0.152587801432105
8CA33561B5	10	0.662143738672282	0.037703423863518666	0.28410428930833687	0.016048548155862315
8CA33561B5	11	0.11421556900139895	0.5255540117370314	0.11332471592032904	0.24690570334124065
8CA33561B5	12	0.051496421921774164	0.11959666597100546	0.04965039153749716	0.7792565205697232
8CA33561B5	13	0.9078891451043175	0.006006749524107971	0.08316261621799141	0.002941489153583383
8CA33561B5	14	0.9114867838301348	0.03120763173487899	0.045126527570413466	0.012179056864572827
8CA33561B5	15	0.9381940566403114	0.00380115254841087	0.057327027249647	0.0006777635616305471
8CA33561B5	16	0.06325345225055795	0.6306475631674134	0.24260442765258292	0.0634945569294456
8CA33561B5	17	0.9083006576874726	0.009880240445864481	0.07984559015701673	0.0019735117096463537
8CA33561B5	18	0.10788135580748594	0.5514195187452068	0.18981158812322427	0.15088753732408314
8CA33561B5	19	0.8642709574042007	0.03824822776773841	0.09655200733238048	0.0009288074956804253
8CA33561B5	20	0.02067934563357428	0.6815092916267518	0.294660086018249	0.0031512767214249486
8CA33561B5	21	0.8456902247747681	0.13219625079539496	0.016747816319935452	0.005365708109901626
8CA33561B5	22	0.7788152945389141	0.028179797761691015	0.18965413950643742	0.003350768192957375
8CA33561B5	23	0.04302621596125416	0.505586218418726	0.4431841235511539	0.008203442068866225
8CA33561B5	24	0.13501001587804462	0.7718190414380933	0.08874850558822564	0.004422437095636395
8CA33561B5	25	0.9695284971207176	0.007067146716569742	0.02278221399982897	0.0006221421628837317
8CA33561B5	26	0.9672908751750343	0.010552055201623242	0.019731548479788228	0.002425521143554137
8CA33561B5	27	0.0008610641947645701	0.0274530751214528	0.014187518658469046	0.9574983420253136
8CA33561B5	28	0.09841599955835455	0.49121413304307915	0.33934476913519324	0.07102509826337328
8CA33561B5	29	0.5335731034105412	0.07134637158186481	0.3831527526151428	0.011927772392451073
8CA33561B5	30	0.0029698012784423584	0.9031516551412652	0.09048014693023193	0.003398396650060685
8CA33561B5	31	0.008330131839573169	0.7056136576155758	0.20029594829421302	0.0857602622506377
8CA33561B5	32	0.9855990702204003	0.009156910058461126	0.004697013898507393	0.0005470058226314194
8CA33561B5	33	0.5160648350548247	0.3189684461105839	0.15308009968093286	0.01188661915365875
8CA33561B5	34	0.9669589166835122	0.009951391592812782	0.02153470302749983	0.0015549886961751993
8CA33561B5	35	0.5799172891455402	0.23553629525067643	0.17934671596784402	0.0051996996359394455
8CA33561B5	36	0.9428853527721869	0.006540300842080608	0.04928823074972212	0.0012861156360100831
8CA33561B5	37	0.7108503601368278	0.19065223782973267	0.08682990189638183	0.011667500137057633
8CA33561B5	38	0.9409167470330512	0.009380489992795525	0.04214950536849881	0.007553257605654557
8CA33561B5	39	0.8847698654431853	0.036649061206796556	0.06653044244174212	0.012050630908276207
8CA33561B5	40	0.4091937031423462	0.4597007342733542	0.12042582230140227	0.010679740282897282
8CA33561B5	41	0.05574141829325839	0.8558099136364387	0.0403817344952225	0.04806693357508089
8CA33561B5	42	0.023706076428798156	0.856075451860966	0.1113658169953366	0.00885265471489913
8CA33561B5	43	0.16747718181009041	0.6220261560115146	0.18928460912364525	0.021212053054749786
8CA33561B5	44	0.4613349855929146	0.41115342479269323	0.11903347321277855	0.008478116401613695
8CA33561B5	45	0.009537471989206429	0.41848846941823803	0.5707993755195261	0.0011746830730291083
8CA33561B5	46	0.02432453691674671	0.790494262482834	0.17990207273586525	0.005279127864553887
8CA33561B5	47	0.03491528539559956	0.8879208308242545	0.07279975691330227	0.0043641268668437394
8CA33561B5	48	0.48253759736066937	0.1123898507237505	0.3962048686945843	0.008867683220995655
8CA33561B5	49	0.027077618101454443	0.2342398660800471	0.7054141673385711	0.033268348479927504
8CA33561B5	50	0.95450708237639	0.02427778658773999	0.01736703864679908	0.003848092389071199
8CA33561B5	51	0.11165964347459024	0.2955278889741321	0.560978767729752	0.0318336998215259
8CA33561B5	52	0.047099993917208	0.2119788223223569	0.075212826716795	0.6657083570436401
8CA33561B5	53	0.7752812069464737	0.021216220393985796	0.1743368680196977	0.029165704639842825
8CA33561B5	54	0.03276481202479015	0.7490724635303564	0.2120773008765075	0.006085423568346214
8CA33561B5	55	0.11849949938226331	0.605547883040947	0.1794261602034647	0.09652645737332469
8CA33561B5	56	0.0772412553598303	0.22267573725597922	0.6358968549318124	0.06418615245237767
8CA33561B5	57	0.11688711449070845	0.5462873916634492	0.28802675243508136	0.04879874141076111
8CA33561B5	58	0.016909186551801944	0.07544418584869432	0.562369946461943	0.3452766811375605
8CA33561B5	59	0.04579677037367421	0.8177641238955251	0.12496154077967182	0.01147756495112885
8CA33561B5	60	0.017176721110690685	0.7306394253316071	0.21535442698115145	0.036829426576550923
8CA33561B5	61	0.011703500141229091	0.3047814848434508	0.2324808243466594	0.4510341906686608
8CA33561B5	62	0.010656609284941897	0.13857780476185966	0.07421005190146977	0.7765555340517287
8CA33561B5	63	0.0316643861151917	0.706367727732316	0.10545554220469537	0.1565123439477969
8CA33561B5	64	0.001738520595502443	0.8619071570634519	0.1337396767216453	0.002614645619400252
8CA33561B5	65	0.03319944409683409	0.7667515583963126	0.19676901378897368	0.003279983717879726
8CA33561B5	66	0.009305368774615533	0.837661429462521	0.11203676557406647	0.04099643618879688
8CA33561B5	67	0.0101640272073785	0.12400994691375282	0.8645682026377808	0.0012578232410876563
8CA33561B5	68	0.016331040396403505	0.3189408732151737	0.6541072375589022	0.010620848829520479
8CA33561B5	69	0.005038375422389499	0.8235459265957149	0.058185524105364476	0.11323017387653118
8CA33561B5	70	0.5590801718419268	0.24371935068925082	0.10947962656925006	0.08772085089957225
8CA33561B5	71	0.22055740941299712	0.390050528764245	0.3782363344170329	0.011155727405724963
8CA33561B5	72	0.0022606928380982587	0.9311539577461749	0.06590857581276212	0.0006767736029647409
8CA33561B5	73	0.005779172857913794	0.9369027153736115	0.05606446817843108	0.001253643590043573
8CA33561B5	74	0.03218412498750537	0.1401499686642669	0.7922158499826186	0.03545005636560916
8CA33561B5	75	0.08352617614079975	0.42470989449526214	0.4650860524408533	0.026677876923084848
8CA33561B5	76	0.7527186331306479	0.1398359314164456	0.1022486824924748	0.0051967529604315865
8CA33561B5	77	0.032607601288569835	0.7743246751720877	0.18433239665886106	0.00873532688048144
8CA33561B5	78	0.13249102580843167	0.6226194014306241	0.20054895179517396	0.044340620965770454
8CA33561B5	79	0.4224883615412108	0.08245926983378082	0.45708909353301785	0.03796327509199063
8CA33561B5	80	0.002632280731367717	0.8798604150658959	0.11369899543276642	0.003808308769970068
8CA33561B5	81	0.003253215780843509	0.899008057607833	0.07452295303492348	0.023215773576400048
8CA33561B5	82	0.010719342253776461	0.6038036040632929	0.34242254991060656	0.04305450377232432
8CA33561B5	83	0.5557710414276918	0.05266924778575253	0.30776706420229355	0.08379264658426228
8CA33561B5	84	0.016133446919630316	0.7025171590396794	0.07835725214388418	0.20299214189680603
8CA33561B5	85	0.38381701722144956	0.0475089843919089	0.40906732561632786	0.15960667277031362
8CA33561B5	86	0.29513200738362777	0.02763743339468491	0.47587975800441806	0.2013508012172696
8CA33561B5	87	0.6208455656675849	0.1845975175956679	0.1830008531887325	0.011556063548014564
8CA33561B5	88	0.18901070299849282	0.07509597837811702	0.7262985307695999	0.009594787853790334
8CA33561B5	89	0.01848408581276614	0.05615134988858459	0.20543489784581132	0.7199296664528378
8CA33561B5	90	0.1806776360110013	0.18294429364172152	0.6070309410310936	0.029347129316183943
