Source Name	Cell ID	archetype 1	archetype 2	archetype 3	archetype 4
296696DB86	1	0.0542480414072962	0.5249589846546284	0.1405310076271155	0.2802619663109598
296696DB86	2	0.530242321608896	0.2459862607169949	0.19273998913874432	0.031031428535364478
296696DB86	3	0.26458896103687135	0.4744514147048725	0.23400791845027896	0.02695170580797722
296696DB86	4	0.10721508370704208	0.20684357721804164	0.1932897646126472	0.4926515744622692
296696DB86	5	0.4711667695560122	0.23939880538012892	0.28407989581342274	0.005354529250436091
296696DB86	6	0.46638699527614574	0.20925892154320483	0.17009334999693845	0.15426073318371103
296696DB86	7	0.1274995211422518	0.3718444844432198	0.3194867678386221	0.18116922657590628
296696DB86	8	0.3269263460121355	0.4208849263671566	0.22011903110161385	0.032069696519093756
296696DB86	9	0.029004485439370033	0.5909227641347613	0.28321897969079457	0.09685377073507431
296696DB86	10	0.1633973035998103	0.6551248252769278	0.1270333175600276	0.05444455356323422
296696DB86	11	0.521083947242559	0.1540362213075356	0.2228436406424206	0.1020361908074847
296696DB86	12	0.036147487479134	0.6874699778520501	0.10477803052796379	0.1716045041408522
296696DB86	13	0.6276979944138282	0.1940764405521225	0.11963638104898688	0.05858918398506232
296696DB86	14	0.0234714139633023	0.7853388580884021	0.11027447300664657	0.08091525494164903
296696DB86	15	0.06999162008096436	0.6393864800664172	0.22453173018103972	0.06609016967157882
296696DB86	16	0.9671081938635356	0.0015692766416745862	0.030049447772026113	0.0012730817227636646
296696DB86	17	0.8963311081326613	0.03409876467881282	0.06165246630057558	0.007917660887950446
296696DB86	18	0.904726349185636	0.025829279769548897	0.053169193579796326	0.016275177465018765
296696DB86	19	0.4895701261904689	0.1423455326917181	0.18813250092830888	0.17995184018950422
296696DB86	20	0.445883799332902	0.4339695421765882	0.10042812485324853	0.019718533637261358
296696DB86	21	0.623414010718568	0.12770099706856172	0.21589085120298973	0.03299414100988078
296696DB86	22	0.6438645076175633	0.2283589365690863	0.0942703828677167	0.03350617294563385
296696DB86	23	0.33658943197884944	0.42239234079761556	0.22359806440740418	0.01742016281613105
296696DB86	24	0.04033964972290786	0.46056939995758406	0.1992459694067441	0.2998449809127641
296696DB86	25	0.751197910728813	0.14428284076048645	0.06724920244588964	0.03727004606481063
296696DB86	26	0.04289513435480299	0.6225997674198508	0.24014925504556828	0.09435584317977803
296696DB86	27	0.08821658453036538	0.515667356789093	0.2141616038009039	0.18195445487963782
296696DB86	28	0.008088252529716077	0.7046783594346042	0.16544523499206248	0.12178815304361691
296696DB86	29	0.0876661513338372	0.18517778000893625	0.23523130428429334	0.49192476437293337
296696DB86	30	0.016930497036726357	0.6327509149227711	0.21001349936492494	0.14030508867557745
296696DB86	31	0.029911872846450832	0.5532578163213205	0.16825303315969256	0.24857727767253587
296696DB86	32	0.5782894717302276	0.14184507514621836	0.17793991965026787	0.10192553347328646
296696DB86	33	0.09551895093135045	0.4264911643909151	0.20284999370811424	0.2751398909696202
296696DB86	34	0.4261457940263603	0.18344414173099674	0.17735517655803332	0.21305488768460976
296696DB86	35	0.030362923497558498	0.4727608208551469	0.17877523221332067	0.31810102343397384
296696DB86	36	0.656527940537229	0.21981206502230285	0.0964676581391639	0.027192336301304333
296696DB86	37	0.23023679980891326	0.32423306667050533	0.26223921033111364	0.18329092318946796
296696DB86	38	0.38840546426760764	0.1639500171905802	0.18688587497231407	0.2607586435694979
296696DB86	39	0.23324681056422153	0.5639631817369535	0.09739422954912487	0.10539577814970003
296696DB86	40	0.15122044989265138	0.5045624725429263	0.2267960535037314	0.11742102406069083
296696DB86	41	0.0371130919781454	0.6571843775210777	0.22597804285870657	0.07972448764207016
296696DB86	42	0.86006923822882	0.02583712975490731	0.08032069514233985	0.0337729368739329
296696DB86	43	0.5398250497584279	0.22153415996934242	0.20278498602686337	0.03585580424536656
296696DB86	44	0.64879825109623	0.23664695980453443	0.08504101727024185	0.029513771828993552
296696DB86	45	0.024811181520678172	0.7274792319402235	0.163831441085212	0.08387814545388665
296696DB86	46	0.18892771068939354	0.5889022114907682	0.10645561595890708	0.11571446186093134
296696DB86	47	0.3546267904902021	0.3967414007183422	0.21777200354276985	0.030859805248686215
296696DB86	48	0.32145362226129	0.5016451455843259	0.11168336418771017	0.06521786796667389
296696DB86	49	0.45515718874688077	0.2576421828251806	0.1904298779843838	0.09677075044355497
296696DB86	50	0.48383699245202555	0.15436246347147298	0.16189503059239932	0.1999055134841024
296696DB86	51	0.09148386689779647	0.4564443302199424	0.16564051926351997	0.2864312836187411
296696DB86	52	0.10225134753848363	0.5158842868804205	0.1979480413115751	0.1839163242695207
296696DB86	53	0.5067120690863571	0.2181853091792592	0.18631410023280714	0.08878852150157629
296696DB86	54	0.15750582804238125	0.6421944697532284	0.14915421011189153	0.05114549209249917
296696DB86	55	0.04815170745742736	0.6579291157954638	0.2616691504455609	0.032250026301548024
296696DB86	56	0.19549093383421046	0.36187222148566167	0.20586408713562596	0.23677275754450186
296696DB86	57	0.4837470864905034	0.1742292826192912	0.2295178588758033	0.11250577201440232
296696DB86	58	0.9187258541122985	0.037889650486922	0.0358622747100036	0.007522220690776291
296696DB86	59	0.37329953798418125	0.3967360175534464	0.20570638678598793	0.02425805767638424
296696DB86	60	0.11212092710807886	0.40205071726762737	0.4128088248027342	0.0730195308215596
296696DB86	61	0.025130730904200392	0.7369907890424486	0.14452174324608255	0.09335673680726837
296696DB86	62	0.03142968063425853	0.15580926505539597	0.14565355601518457	0.6671074982951608
296696DB86	63	0.03825092695191346	0.5403346879503241	0.2805620462971284	0.14085233880063397
296696DB86	64	0.3126423059079664	0.15838736000099157	0.19419128891850512	0.33477904517253687
296696DB86	65	0.046549039923421624	0.5784383793351401	0.16882512363786187	0.2061874571035761
296696DB86	66	0.025387286820046494	0.3455167998664517	0.2879057911682279	0.3411901221452741
296696DB86	67	0.018782743019616924	0.6625980464064363	0.13390722404238464	0.18471198653156207
296696DB86	68	0.1350932019530797	0.12346768058478012	0.18945231831698206	0.5519867991451584
296696DB86	69	0.8130025837798313	0.09291481604160752	0.07381621231786521	0.020266387860696032
296696DB86	70	0.05415311627385757	0.25769761549146597	0.45350971149701536	0.2346395567376612
296696DB86	71	0.09436991150749546	0.7059176830462234	0.18020619496234938	0.0195062104839315
296696DB86	72	0.3683206911979687	0.21035172375013989	0.29738950054252594	0.12393808450936532
296696DB86	73	0.09094023309182124	0.6037944717468918	0.23999524216967794	0.06527005299160903
296696DB86	74	0.17337980101504186	0.3319600229420252	0.22142229386647364	0.27323788217645945
296696DB86	75	0.6877214945133975	0.029540101873192236	0.19410303424771783	0.08863536936569225
296696DB86	76	0.02131339734885805	0.29663212047100807	0.3698708369660782	0.3121836452140559
296696DB86	77	0.028759424089147962	0.6414512111687483	0.16176247540987285	0.168026889332231
296696DB86	78	0.04101907362357216	0.6726359197441346	0.16964743634517487	0.11669757028711841
296696DB86	79	0.6576710653592392	0.05043589598099675	0.18705003714910656	0.10484300151065752
296696DB86	80	0.016155093180573347	0.7969444685079765	0.10756860850800791	0.07933182980344239
296696DB86	81	0.7150010882384497	0.060505738044442245	0.1104883553908475	0.11400481832626022
296696DB86	82	0.37453920458024864	0.1399236367270027	0.23830408196779546	0.24723307672495318
296696DB86	83	0.027607020508521048	0.1333940024448945	0.2412148266925713	0.5977841503540129
296696DB86	84	0.2130617308000711	0.446825499772684	0.23771659036888157	0.10239617905836358
296696DB86	85	0.1376187693648308	0.5780542039104852	0.15522636102814855	0.12910066569653572
296696DB86	86	0.20793439028881208	0.5792513954932298	0.15823635451825022	0.05457785969970803
296696DB86	87	0.021152691117150527	0.2632447425763263	0.4196942426553937	0.29590832365112973
296696DB86	88	0.02117075304813833	0.8162968007153261	0.1145518961202783	0.04798055011625756
296696DB86	89	0.16181058487690173	0.5506002434622224	0.1611358429422389	0.12645332871863715
296696DB86	90	0.06642416303905664	0.3867571129633395	0.21338308226062255	0.33343564173698115
296696DB86	91	0.054321130358565846	0.3172964494254662	0.2145623530751564	0.41382006714081154
296696DB86	92	0.014623721098294303	0.6373719453437271	0.1585310436886429	0.1894732898693359
296696DB86	93	0.06355839078803549	0.2750568384114194	0.14853712665368707	0.5128476441468585
296696DB86	94	0.013395141283051597	0.7749408541452272	0.13335501970042168	0.07830898487129953
296696DB86	95	0.04188401474767622	0.7855321422956961	0.11630634708747474	0.0562774958691528
296696DB86	96	0.014791178617374733	0.22498857679709228	0.3055327642074749	0.45468748037805845
296696DB86	97	0.7628377858147457	0.012228567694289955	0.15322200678889708	0.07171163970206702
296696DB86	98	0.030006072103899332	0.4504589971382168	0.2781564737395804	0.2413784570183032
296696DB86	99	0.4776077620923081	0.08899621967007303	0.2872778460140885	0.14611817222353052
296696DB86	100	0.015986912229716266	0.6728466832444397	0.19352328870427044	0.11764311582157383
296696DB86	101	0.01501189922933094	0.49457911618534517	0.17932448336565598	0.3110845012196681
296696DB86	102	0.02916712731666072	0.674791868514272	0.25274928693128196	0.043291717237785104
296696DB86	103	0.05460633958000541	0.2576585033632481	0.5202674818459679	0.1674676752107786
296696DB86	104	0.6410280671468028	0.04731062321069418	0.18925317442433245	0.12240813521817041
296696DB86	105	0.04505447102157086	0.6087302524331762	0.2745414474281101	0.07167382911714268
296696DB86	106	0.05798673602954304	0.5829718067846604	0.22775780379333946	0.131283653392457
296696DB86	107	0.010727895462484828	0.45424155105226627	0.17596168614127736	0.35906886734397153
296696DB86	108	0.019955639765930986	0.18066877017208877	0.4094289408052752	0.38994664925670486
296696DB86	109	0.048161484254477485	0.3783371702345906	0.3485919005236983	0.22490944498723375
296696DB86	110	0.03766531804301923	0.3145053383829286	0.4586893489901021	0.18913999458395023
296696DB86	111	0.2400635764332375	0.13862738271871733	0.3568445637764332	0.26446447707161175
