Source Name	Cell ID	archetype 1	archetype 2	archetype 3	archetype 4
00E41C184C	1	0.7397116234985828	0.11476156737003929	0.1355110237518547	0.010015785379523138
00E41C184C	2	0.8087594737233585	0.05657791594487187	0.1295475925025573	0.005115017829212107
00E41C184C	3	0.7519877079841377	0.05365328858654009	0.18628167670792306	0.008077326721399216
00E41C184C	4	0.7525053712476818	0.08674898472296795	0.11620374423595582	0.04454189979339443
00E41C184C	5	0.8832632952740616	0.019463761291360893	0.09217591881994094	0.005097024614636557
00E41C184C	6	0.04018158139992827	0.7874933438439529	0.1384990282042417	0.03382604655187709
00E41C184C	7	0.26436472536697736	0.33326584816871024	0.2775747699032691	0.12479465656104333
00E41C184C	8	0.21205244320233596	0.597014355078035	0.15129001838523323	0.03964318333439566
00E41C184C	9	0.17871376438977293	0.04016388411511369	0.14985810509611155	0.6312642463990024
00E41C184C	10	0.02142638889075889	0.6738049295755578	0.12998648974722232	0.17478219178646118
00E41C184C	11	0.3577231528937991	0.2601857725124762	0.2970055797855943	0.08508549480813017
00E41C184C	12	0.9242503587388353	0.009357873245215902	0.06337900960335462	0.0030127584125939806
00E41C184C	13	0.7883169692142941	0.04568091304900405	0.15778861495336957	0.008213502783332495
00E41C184C	14	0.18097643886931908	0.6548810085117693	0.12796894019984362	0.03617361241906799
00E41C184C	15	0.07270776645526014	0.27260474666057993	0.632693229330884	0.021994257553275987
00E41C184C	16	0.9145515123135182	0.022849257195648735	0.058325135077775404	0.004274095413057423
00E41C184C	17	0.7604301530705767	0.11236190920323469	0.12253498611997993	0.004672951606208852
00E41C184C	18	0.23633298457197954	0.3883871526348637	0.3520702603028258	0.023209602490331212
00E41C184C	19	0.37527674678030104	0.3952922124855783	0.1347908997830342	0.09464014095108651
00E41C184C	20	0.6170821830522643	0.1973442516430927	0.11740351363357304	0.06817005167106975
00E41C184C	21	0.018013062582549887	0.5986256377404351	0.23929915115801642	0.14406214851899846
00E41C184C	22	0.13716764994144848	0.14223521321460095	0.23712807159796323	0.48346906524598726
00E41C184C	23	0.024320882876621947	0.6633580952956519	0.15496955043444036	0.1573514713932856
00E41C184C	24	0.03616069563244439	0.42545074941717975	0.22709846612379395	0.3112900888265817
00E41C184C	25	0.6671926904138997	0.10392414528728387	0.13130504667850293	0.09757811762031324
00E41C184C	26	0.4885801982768883	0.22540598714320143	0.26675194037550215	0.019261874204408017
00E41C184C	27	0.04484107161746527	0.53832339742916	0.1891331127346584	0.22770241821871628
00E41C184C	28	0.0668273584003166	0.39536777283716384	0.4965651576120979	0.04123971115042159
00E41C184C	29	0.8350362652785431	0.054349612429921375	0.10890030701859388	0.001713815272941589
00E41C184C	30	0.06360679255281955	0.6881570333775587	0.08856333768110047	0.15967283638852106
00E41C184C	31	0.04353162179074121	0.6284118612472737	0.18439782074296196	0.14365869621902314
00E41C184C	32	0.4137802931555026	0.32018370005275826	0.1959038939548888	0.07013211283685052
00E41C184C	33	0.4332308815726115	0.18365278111309358	0.18635742725932863	0.1967589100549663
00E41C184C	34	0.641520183677464	0.14555970384215167	0.18249716382259829	0.030422948657785883
00E41C184C	35	0.10040470836617475	0.3016036957246031	0.172189602040011	0.425801993869211
00E41C184C	36	0.1917620822732066	0.5553269140374999	0.17102289369999674	0.08188810998929694
00E41C184C	37	0.4040756488665526	0.34941010375280995	0.20157643593437027	0.04493781144626726
00E41C184C	38	0.33295343235542246	0.46473811116224295	0.1738455328103588	0.028462923671975893
00E41C184C	39	0.028997965837216	0.7796946245611505	0.17858096823491793	0.012726441366715364
00E41C184C	40	0.029045703991145262	0.8313036396838757	0.11169485103300238	0.0279558052919765
00E41C184C	41	0.30824612455260186	0.447940654026808	0.15676697245429405	0.08704624896629576
00E41C184C	42	0.507790473237496	0.1904621523427248	0.14622502876338786	0.1555223456563913
00E41C184C	43	0.0591963537059409	0.4147462752936851	0.15850822146107194	0.3675491495393021
00E41C184C	44	0.013670879020699255	0.8560201691095047	0.07939463515928012	0.05091431671051578
00E41C184C	45	0.01732500765826079	0.48771878039204536	0.19991798165646457	0.29503823029322945
00E41C184C	46	0.03316955754907522	0.7778485123801836	0.1808322438017483	0.008149686268993133
00E41C184C	47	0.6686703079391241	0.23605315375782313	0.07403564315772827	0.02124089514532425
00E41C184C	48	0.16885570009648362	0.5729455454787441	0.16558822989118088	0.0926105245335911
00E41C184C	49	0.0182645935375442	0.8489821949607846	0.09783825802667981	0.034914953474991434
00E41C184C	50	0.4780101804486856	0.34650013120620865	0.15312197501607894	0.022367713329026696
00E41C184C	51	0.09607296350990797	0.7747433995850669	0.10096886710603828	0.028214769798986575
00E41C184C	52	0.13207452511635376	0.27261823562862053	0.16803072666527702	0.4272765125897485
00E41C184C	53	0.09915900816052117	0.6979436318798709	0.1682567218749755	0.03464063808463255
00E41C184C	54	0.8023988997505271	0.0638423368029115	0.09859378754005704	0.03516497590650432
00E41C184C	55	0.27204303632139426	0.4087174217695629	0.2543620787726802	0.06487746313636293
00E41C184C	56	0.34857917793344834	0.3650035163820892	0.2039909821890932	0.0824263234953694
00E41C184C	57	0.16171595803648536	0.3419220626234065	0.1629496976165783	0.3334122817235298
00E41C184C	58	0.06027062778764694	0.724535315319209	0.14398259876269837	0.07121145813044565
00E41C184C	59	0.24386253519136553	0.54779080260325	0.1466643565508229	0.06168230565456158
00E41C184C	60	0.1477680776474708	0.09885549572580402	0.2953460845708079	0.4580303420559177
00E41C184C	61	0.7295423271613419	0.09520789869386526	0.11857004731367164	0.056679726831120936
00E41C184C	62	0.5177398893167393	0.30472029234820236	0.14721908946671317	0.030320728868345193
00E41C184C	63	0.8840298332498164	0.013710457297279691	0.07665751792502032	0.025602191527883695
00E41C184C	64	0.087660170725244	0.6523140769388838	0.11260057637087696	0.14742517596499558
00E41C184C	65	0.7697444929712184	0.0176363050228396	0.14317325835893746	0.06944594364700456
00E41C184C	66	0.044146993125028636	0.24881444428764096	0.16408143542361098	0.5429571271637196
00E41C184C	67	0.19300866603657024	0.6291782411873224	0.1657251905232692	0.012087902252838584
00E41C184C	68	0.0736007659919858	0.24525930381274166	0.27747451975161747	0.4036654104436551
00E41C184C	69	0.742096559831057	0.06487248334354527	0.13793064471629216	0.05510031210910541
00E41C184C	70	0.05965432413295406	0.5794601665497745	0.3350887897732437	0.025796719544027475
00E41C184C	71	0.043613962676916494	0.23689463593892618	0.1397561484978007	0.579735252886357
00E41C184C	72	0.01340767644389628	0.7912598602163219	0.17125230727273527	0.024080156067046738
00E41C184C	73	0.2124260875442854	0.399632946121233	0.2311041560353609	0.15683681029912067
00E41C184C	74	0.6976863225836317	0.055423237352874966	0.1992260947859216	0.04766434527757153
00E41C184C	75	0.4413451468149362	0.22360361344596275	0.13819505027651716	0.196856189462584
00E41C184C	76	0.08749062226018561	0.05268539471268055	0.42390704343372454	0.43591693959340916
00E41C184C	77	0.7955938924897051	0.06526900212813021	0.11063201070466809	0.028505094677496814
00E41C184C	78	0.04807128111326875	0.36204275694492116	0.20779269348725163	0.3820932684545584
00E41C184C	79	0.014325251604143462	0.7116716658112808	0.14175276859316885	0.1322503139914065
00E41C184C	80	0.025681739956895676	0.1597886535920008	0.746742532201465	0.0677870742496385
00E41C184C	81	0.11366034873223271	0.13158415962516934	0.5657367347092095	0.18901875693338802
00E41C184C	82	0.25028773431676415	0.2512144340235463	0.29464270621039496	0.20385512544929474
00E41C184C	83	0.18292008713591554	0.6818223245083507	0.1120471385638281	0.02321044979190589
00E41C184C	84	0.06456868516042409	0.7511173574766885	0.1488615025190955	0.035452454843791587
00E41C184C	85	0.03829774450335513	0.7310213876032595	0.15317788224639686	0.07750298564698851
00E41C184C	86	0.37395703885837384	0.23976222830026955	0.1339382171350263	0.25234251570633015
00E41C184C	87	0.04200531986414685	0.7712680326121536	0.1066332424832291	0.08009340504047067
00E41C184C	88	0.5175351190953258	0.23011431895630474	0.13180982228057547	0.12054073966779388
00E41C184C	89	0.47687551336526485	0.14279486926768425	0.32440050720645286	0.0559291101605983
00E41C184C	90	0.05652671534746593	0.22211475601334446	0.3348514885153538	0.3865070401238359
00E41C184C	91	0.02581373052757895	0.30372471224686165	0.33628404163847364	0.33417751558708564
00E41C184C	92	0.012889901041509931	0.22854429103453788	0.13381365759314187	0.6247521503308101
00E41C184C	93	0.044543497278146015	0.6029207303005638	0.2949354340172724	0.05760033840401765
00E41C184C	94	0.1139500874543128	0.5853204572836254	0.22045063438927934	0.08027882087278239
00E41C184C	95	0.3388226292792347	0.1159017974853973	0.3637759794513784	0.1814995937839895
00E41C184C	96	0.06892535843725128	0.5980333144495364	0.22474730066846166	0.10829402644475057
00E41C184C	97	0.009707223191764846	0.15121234999295657	0.19687337437416802	0.6422070524411105
00E41C184C	98	0.11430943619628192	0.3006835080095438	0.1708572374835134	0.41414981831066133
00E41C184C	99	0.06563866101755383	0.6495758529634152	0.1420314501651335	0.142754035853897
00E41C184C	100	0.054596656101941275	0.6546694004470063	0.23463546596252768	0.05609847748852481
00E41C184C	101	0.06478572932656626	0.4333709216370906	0.1743408348264251	0.3275025142099179
00E41C184C	102	0.1789138821589381	0.1579628735253083	0.2922856024235266	0.37083764189222723
00E41C184C	103	0.011770091877335378	0.1511375161918692	0.11668741728288953	0.7204049746479063
00E41C184C	104	0.7890190395669127	0.11489316700327867	0.06293591011863871	0.03315188331116995
00E41C184C	105	0.01817311257773272	0.33287243825500284	0.31819122858866694	0.33076322057859747
00E41C184C	106	0.0314965076496672	0.3199605848896605	0.4552656963322096	0.19327721112846263
00E41C184C	107	0.03156856450608442	0.5057649479399758	0.21509342905714246	0.24757305849679723
00E41C184C	108	0.020687418534132012	0.49125790747225484	0.28348414976860103	0.204570524225012
00E41C184C	109	0.11186624142585602	0.531446675702637	0.26430720561751664	0.09237987725399036
02ED8CA0B9	1	0.7760342703946678	0.07435179794151406	0.14436179850026665	0.00525213316355188
02ED8CA0B9	2	0.7772411073128657	0.08749091052294697	0.11835434705753137	0.016913635106655906
02ED8CA0B9	3	0.7447199390655648	0.06682558013534184	0.1557581382585145	0.0326963425405788
02ED8CA0B9	4	0.9017504721794428	0.02143682993959667	0.0742850630666752	0.002527634814285153
02ED8CA0B9	5	0.7440808205993945	0.0752449724574935	0.14409388858953553	0.03658031835357639
02ED8CA0B9	6	0.41748001604585894	0.2012770312847432	0.3602847299329977	0.020958222736399898
02ED8CA0B9	7	0.1381905680537427	0.6555980529834541	0.17425829241475746	0.03195308654804572
02ED8CA0B9	8	0.014258801470958699	0.7954915229849354	0.12973245027906607	0.06051722526503961
02ED8CA0B9	9	0.04845662788486445	0.563530397325693	0.26686514652196996	0.12114782826747215
02ED8CA0B9	10	0.21073967842440963	0.1641823241444786	0.23229891093382674	0.3927790864972848
02ED8CA0B9	11	0.9235629535988402	0.042292090035314485	0.029474611799353873	0.0046703445664912115
02ED8CA0B9	12	0.15060538010309193	0.6090371327744183	0.17933394890848267	0.06102353821400717
02ED8CA0B9	13	0.8982862650131238	0.01486167021761443	0.05659043904642389	0.03026162572283775
02ED8CA0B9	14	0.19922246913225858	0.3167748084432288	0.24626157821033975	0.23774114421417294
02ED8CA0B9	15	0.5408870976880032	0.2562106657967171	0.18091609047672327	0.02198614603855628
02ED8CA0B9	16	0.27156190374558575	0.42379857769207346	0.20949590608492547	0.09514361247741546
02ED8CA0B9	17	0.8215650228658503	0.04821333955855555	0.11921940011632272	0.011002237459271409
02ED8CA0B9	18	0.5258188875604421	0.1978056275770733	0.18594248936157814	0.09043299550090639
02ED8CA0B9	19	0.14831800751871213	0.527784202495724	0.29422989629598956	0.029667893689574076
02ED8CA0B9	20	0.9671215822400008	0.003116733535362826	0.02556096811495625	0.004200716109680099
02ED8CA0B9	21	0.6300596377874956	0.15816521427331706	0.1998849346521079	0.011890213287079694
02ED8CA0B9	22	0.9416811229979928	0.018858286118169924	0.03408053685940961	0.005380054024427548
02ED8CA0B9	23	0.23215597305635186	0.07915991620913762	0.12312917514480927	0.5655549355897012
02ED8CA0B9	24	0.6102570603293478	0.2994190906900665	0.08307025263711854	0.007253596343467312
02ED8CA0B9	25	0.18798128165244238	0.5424842927661624	0.1410895167277251	0.12844490885367033
02ED8CA0B9	26	0.42364352478920947	0.328438435936636	0.22431314733780644	0.023604891936348356
02ED8CA0B9	27	0.4092072153816005	0.27848078125698184	0.2555276214411927	0.05678438192022475
02ED8CA0B9	28	0.5352080357501762	0.231579514840515	0.2245032449305685	0.008709204478740733
02ED8CA0B9	29	0.4261123268870312	0.1813099850622382	0.3768123851305341	0.015765302920196237
02ED8CA0B9	30	0.0711747834123284	0.7233186643634485	0.18071028311662402	0.024796269107599002
02ED8CA0B9	31	0.33706030859300407	0.36851071577856515	0.23923387710318775	0.05519509852524314
02ED8CA0B9	32	0.5520763543997499	0.14413654775400203	0.22045314077265718	0.08333395707359077
02ED8CA0B9	33	0.10929864945961684	0.5624098073915896	0.2056087914190049	0.12268275172978833
02ED8CA0B9	34	0.42975758867523295	0.14055254045534477	0.3826284490510627	0.047061421818359386
02ED8CA0B9	35	0.6917939356666423	0.20606492884520264	0.08276448167084205	0.019376653817312708
02ED8CA0B9	36	0.0862199024280892	0.5092402655029562	0.23722302274503476	0.16731680932391985
02ED8CA0B9	37	0.03652683597876502	0.4904512852813996	0.3766600067645562	0.09636187197527911
02ED8CA0B9	38	0.2718791095317239	0.5451761742317089	0.1365572928927012	0.04638742334386574
02ED8CA0B9	39	0.6792915034449413	0.17780289571246363	0.12410269695682072	0.01880290388577427
02ED8CA0B9	40	0.03759424485135225	0.2610827994765532	0.17862666712765785	0.522696288544437
02ED8CA0B9	41	0.7614414072167243	0.040815512310981884	0.13278432683218921	0.06495875364010459
02ED8CA0B9	42	0.9207989003972995	0.02137934963140155	0.05121495192007748	0.006606798051221315
02ED8CA0B9	43	0.16314137045809105	0.6331555494849693	0.11928755687265899	0.08441552318428054
02ED8CA0B9	44	0.530360445333775	0.11555820395893543	0.28653338551623864	0.06754796519105075
02ED8CA0B9	45	0.8531759266380318	0.07777403536615063	0.05951179290486527	0.00953824509095225
02ED8CA0B9	46	0.6921772823670583	0.14673778611385493	0.1536931765009748	0.007391755018112078
02ED8CA0B9	47	0.20693259234279773	0.3785736143944466	0.22631641053687174	0.18817738272588408
02ED8CA0B9	48	0.335493936718017	0.16106376718403514	0.1350731639003182	0.3683691321976297
02ED8CA0B9	49	0.4914772700497504	0.3076176206452747	0.16370744921783775	0.03719766008713723
02ED8CA0B9	50	0.8874764324263202	0.04988698891857869	0.05326866072188677	0.00936791793321425
02ED8CA0B9	51	0.24046760266356876	0.5078441829524373	0.15449663521147933	0.09719157917251468
02ED8CA0B9	52	0.9359281428067506	0.0034620895625914532	0.053618493667598376	0.00699127396305955
02ED8CA0B9	53	0.022919221228615984	0.7837657845885165	0.0856598035276425	0.10765519065522526
02ED8CA0B9	54	0.7136971519113138	0.03195036804728432	0.14938457947541153	0.1049679005659904
02ED8CA0B9	55	0.04054643559401045	0.08284086573295622	0.7502095007245961	0.12640319794843696
02ED8CA0B9	56	0.9430183675123296	0.009580053364546362	0.02730361228107409	0.020097966842050074
02ED8CA0B9	57	0.0655025531369312	0.5074460376138709	0.15620500276894184	0.2708464064802559
02ED8CA0B9	58	0.8112184425550967	0.02567206875946299	0.13435249521500364	0.028756993470436965
02ED8CA0B9	59	0.14323287011601207	0.7099337961079389	0.13402344577380784	0.012809888002241305
02ED8CA0B9	60	0.2704772062198749	0.5102116942377728	0.17249295486496885	0.0468181446773835
02ED8CA0B9	61	0.022701128702415422	0.31697138900200017	0.18939550805013455	0.4709319742454503
02ED8CA0B9	62	0.3707316577951525	0.4701506444439656	0.13439115505418736	0.024726542706694735
02ED8CA0B9	63	0.05039599899047987	0.7829165028456184	0.12319264926450406	0.043494848899397635
02ED8CA0B9	64	0.02981420990875355	0.11148783035075507	0.16499028646781458	0.693707673272677
02ED8CA0B9	65	0.23753776534238583	0.14603093731008807	0.2828942730428685	0.33353702430465776
02ED8CA0B9	66	0.42948227909287634	0.35108826926459175	0.14152319617460002	0.07790625546793226
02ED8CA0B9	67	0.05572497893914705	0.6117827836780458	0.2389919566975892	0.09350028068521817
02ED8CA0B9	68	0.3282852822426151	0.3918015144671083	0.22447225272003685	0.05544095057023974
02ED8CA0B9	69	0.03338094801595277	0.2760809208116868	0.27702131423140686	0.41351681694095327
02ED8CA0B9	70	0.15455440245776125	0.08670479929242829	0.12809595621107447	0.6306448420387356
02ED8CA0B9	71	0.24716679033823502	0.1809141959106163	0.14400245400238107	0.42791655974876747
02ED8CA0B9	72	0.02530653242395686	0.1866475142941607	0.1252563669267807	0.6627895863551019
02ED8CA0B9	73	0.5248866225151668	0.125074821222363	0.23062416913251982	0.11941438712995041
02ED8CA0B9	74	0.060269622292690624	0.7680171071609276	0.12846363219251272	0.04324963835386944
02ED8CA0B9	75	0.11991100040349811	0.6781653971333609	0.1871058722933418	0.014817730169799308
02ED8CA0B9	76	0.0775067839999918	0.6528683639713235	0.2518701379671819	0.017754714061503127
02ED8CA0B9	77	0.2122471656523398	0.47264827099378715	0.23882017990314414	0.07628438345072897
02ED8CA0B9	78	0.06718314393899014	0.37682446251973545	0.14815074881194978	0.40784164472932516
02ED8CA0B9	79	0.3446041654005805	0.4233407894990831	0.22258526624857713	0.009469778851759262
02ED8CA0B9	80	0.24793772428934344	0.4529063750929326	0.2232236528945474	0.0759322477231766
02ED8CA0B9	81	0.059635188116751704	0.7610902975851999	0.14916663068649166	0.03010788361155676
02ED8CA0B9	82	0.044476520889449804	0.3803904621207439	0.2223166725587274	0.35281634443107884
02ED8CA0B9	83	0.6795960709382888	0.188029865474343	0.07349540059072056	0.05887866299664767
02ED8CA0B9	84	0.12305597374471632	0.08484210383207795	0.20216596678022772	0.5899359556429782
02ED8CA0B9	85	0.0391103754313056	0.39398348855469734	0.3477494584748342	0.2191566775391627
02ED8CA0B9	86	0.09017962940226791	0.11093454547161573	0.28809554454567626	0.51079028058044
02ED8CA0B9	87	0.0345940465638142	0.385798377864765	0.44302132862647364	0.13658624694494687
02ED8CA0B9	88	0.030972192750090416	0.7253922959648395	0.19509605234920083	0.048539458935869584
02ED8CA0B9	89	0.0651818624258094	0.32808802877575455	0.3488924090724375	0.2578376997259986
02ED8CA0B9	90	0.16549385938514638	0.4720022401441429	0.17786464712431405	0.1846392533463967
02ED8CA0B9	91	0.03413563799857139	0.6015176076026477	0.16568029424805608	0.19866646015072476
02ED8CA0B9	92	0.026548798236724718	0.17799024495456522	0.24932328785465183	0.5461376689540584
03887B26C1	1	0.898368053814716	0.015995228509960248	0.05248267688154546	0.033154040793778435
03887B26C1	2	0.5906408024300844	0.19611461828607538	0.1769302248473043	0.03631435443653577
03887B26C1	3	0.12517390177354562	0.4936282888184968	0.3444466853251309	0.03675112408282661
03887B26C1	4	0.1695789721063562	0.4003680487628619	0.35231501282949745	0.07773796630128453
03887B26C1	5	0.9585862217605846	0.0023606309786518976	0.038101864144289926	0.000951283116473603
03887B26C1	6	0.7267031930624575	0.13295565561285586	0.10955787499526061	0.030783276329425974
03887B26C1	7	0.8986926807975784	0.02159481100671802	0.06850977711556647	0.01120273108013737
03887B26C1	8	0.3768898729231767	0.15931568777351818	0.3767634914760397	0.08703094782726575
03887B26C1	9	0.1663492611659277	0.3498450711823612	0.4022700668547154	0.08153560079699575
03887B26C1	10	0.2173280662557409	0.48864276953392743	0.2576987455294612	0.03633041868087032
03887B26C1	11	0.09880209562450161	0.3111619415413637	0.2576175925201838	0.3324183703139508
03887B26C1	12	0.9579013544032282	0.005178381570388874	0.03399320038913806	0.002927063637244563
03887B26C1	13	0.757341463652264	0.04222091638653102	0.17042398368685518	0.030013636274349956
03887B26C1	14	0.6191484880579947	0.09315767281771174	0.25958598862417126	0.028107850500122093
03887B26C1	15	0.4589433419034606	0.3076249569213994	0.19098431556740428	0.04244738560773549
03887B26C1	16	0.6100356757594168	0.11186966382037695	0.25895157847681083	0.019143081943395392
03887B26C1	17	0.8046308344832802	0.013056943334800885	0.17693210091517136	0.005380121266747308
03887B26C1	18	0.06267992305221048	0.5617653695015767	0.2563306809863404	0.11922402645987232
03887B26C1	19	0.25525810155367445	0.38117648308445007	0.24048593915925512	0.12307947620262064
03887B26C1	20	0.11926962954202568	0.13182715846603843	0.602132319714953	0.1467708922769827
03887B26C1	21	0.5633310034285727	0.08858095656881058	0.2759648284536124	0.07212321154900454
03887B26C1	22	0.4930857934064073	0.22816365960409818	0.22812729432106646	0.05062325266842786
03887B26C1	23	0.7460697546244538	0.07769869766614208	0.16597597811348583	0.010255569595918041
03887B26C1	24	0.6389544699738067	0.07978451626226873	0.2274982166328468	0.053762797131077913
03887B26C1	25	0.7491879483952696	0.07543184505859826	0.14559536265193518	0.029784843894197038
03887B26C1	26	0.08261665628654125	0.5674421362686769	0.11195358315142545	0.23798762429335624
03887B26C1	27	0.2933432539126565	0.2186522320901692	0.21505699695141525	0.27294751704575915
03887B26C1	28	0.5393226819965906	0.2654791523320386	0.16966482945820957	0.025533336213161253
03887B26C1	29	0.8169237644430674	0.032240232476521864	0.12317619202684874	0.027659811053561974
03887B26C1	30	0.9671627779973488	0.009239349520675623	0.02189075731074462	0.0017071151712309655
03887B26C1	31	0.6428680205932722	0.10990988273478457	0.18603426649555233	0.06118783017639106
03887B26C1	32	0.5993353047279595	0.13068109272388528	0.21083616576633193	0.05914743678182327
03887B26C1	33	0.036225585644876164	0.3022537900791995	0.1775335091499679	0.4839871151259568
03887B26C1	34	0.803059112835357	0.02556310397019362	0.1493258796461956	0.02205190354825373
03887B26C1	35	0.1117682418702071	0.4295933550282538	0.39906034197997575	0.05957806112156353
03887B26C1	36	0.7732645852987061	0.07508576340462363	0.12992157034503007	0.021728080951640166
03887B26C1	37	0.4985656477630018	0.32361466667848743	0.146232396864334	0.031587288694176846
03887B26C1	38	0.18202492523051558	0.5495311290757758	0.21008870489532433	0.058355240798383744
03887B26C1	39	0.9297525137363808	0.03208139951970012	0.035835896931947026	0.0023301898119720654
03887B26C1	40	0.4265007898402826	0.07086518538206535	0.27725154659372925	0.22538247818392296
03887B26C1	41	0.21717133138999295	0.481830713138788	0.19006732925668665	0.11093062621453238
03887B26C1	42	0.13477099252983665	0.4234711651246683	0.3389321912831599	0.10282565106233521
03887B26C1	43	0.23038298883126826	0.2464368669073145	0.15611925111566505	0.3670608931457519
03887B26C1	44	0.09878354671385699	0.16864434502697787	0.6487028172351386	0.0838692910240267
03887B26C1	45	0.7940537638744404	0.08795238397663199	0.08161023105206085	0.03638362109686691
03887B26C1	46	0.1025399441853965	0.34611177013901956	0.17820072720792687	0.3731475584676573
03887B26C1	47	0.1444587736933766	0.36197525316685525	0.2753252419925326	0.21824073114723555
03887B26C1	48	0.7426490166465053	0.08460608467106934	0.16902374039013868	0.0037211582922868462
03887B26C1	49	0.8824345487375275	0.027101251579094057	0.08821623749703766	0.0022479621863408937
03887B26C1	50	0.7626517768365216	0.08236595890685856	0.12899802347993047	0.02598424077668937
03887B26C1	51	0.1374871490411046	0.4126568303465972	0.13976508356003797	0.3100909370522605
03887B26C1	52	0.6285645822927305	0.16141636105251037	0.19981919052342076	0.010199866131338402
03887B26C1	53	0.060347363884950725	0.546473327672864	0.11239150919013374	0.28078779925205166
03887B26C1	54	0.059457784311776715	0.6294301409105975	0.23490897130273256	0.07620310347489347
03887B26C1	55	0.07740769895317295	0.4235956057761096	0.17555507702010856	0.3234416182506089
03887B26C1	56	0.43099983031714645	0.2531397239000925	0.2665342165197401	0.04932622926302094
03887B26C1	57	0.23636479304270402	0.35893944564722363	0.19711890760153564	0.20757685370853682
03887B26C1	58	0.27549032341915625	0.41840810168704184	0.28025559129570804	0.025845983598093737
03887B26C1	59	0.3147436273046789	0.32853116935812904	0.2893598208681303	0.06736538246906137
03887B26C1	60	0.9127772591412394	0.026233622529824255	0.053870659401207485	0.0071184589277289
03887B26C1	61	0.9209524883148468	0.017315333387987276	0.04844950298316097	0.013282675314005067
03887B26C1	62	0.024083872914291357	0.38909558728398336	0.5323892555566537	0.05443128424507136
03887B26C1	63	0.9144409877702501	0.020451858303664947	0.05537151873855001	0.009735635187534883
03887B26C1	64	0.3094444138857872	0.46379660668552647	0.16995364742671304	0.05680533200197301
03887B26C1	65	0.07339688717750706	0.6025637691086736	0.1966119409127131	0.12742740280110623
03887B26C1	66	0.7081413632179369	0.1561480691210463	0.12087678182375877	0.014833785837257814
03887B26C1	67	0.12796601712210906	0.5165569554220417	0.32378569921016087	0.03169132824568859
03887B26C1	68	0.011017331338138191	0.7824170706906218	0.16387307933027193	0.042692518640968256
03887B26C1	69	0.24692726835733855	0.5733620483903842	0.16953879225507398	0.01017189099720327
03887B26C1	70	0.1305867227217364	0.5048518178472957	0.2237379817969821	0.14082347763398587
03887B26C1	71	0.20056234336917658	0.44641184983573595	0.31779278611712974	0.03523302067795812
03887B26C1	72	0.06718585775746272	0.5413490250573644	0.1429598456691581	0.2485052715160146
03887B26C1	73	0.04473072057728093	0.3482418905488064	0.147421959636869	0.45960542923704384
03887B26C1	74	0.4168229877673251	0.338516203700678	0.16658309082786768	0.07807771770412918
03887B26C1	75	0.9399786531500496	0.012043668887543877	0.044120330267023715	0.003857347695382764
03887B26C1	76	0.46261702129183657	0.38729714941202387	0.13946656376172895	0.01061926553441071
03887B26C1	77	0.1243478109783287	0.5445097727735011	0.19308077040490362	0.1380616458432667
03887B26C1	78	0.34699888466179374	0.41508294906541476	0.15129418336133044	0.08662398291146098
03887B26C1	79	0.764603152440882	0.0783059067368056	0.14531849375877923	0.011772447063533241
03887B26C1	80	0.8955174645150792	0.032018897907395746	0.06623916915408991	0.006224468423434931
03887B26C1	81	0.2597620192595171	0.4144614444857954	0.18604704867123956	0.13972948758344772
03887B26C1	82	0.24173146342735494	0.5424084829782736	0.16648643069809638	0.04937362289627493
03887B26C1	83	0.04822370129894504	0.6220034856364236	0.1566406608753065	0.17313215218932487
03887B26C1	84	0.4658033939662294	0.35229742450800683	0.10400365584862392	0.0778955256771399
03887B26C1	85	0.07972124722894496	0.6307993731387009	0.23519108019729731	0.05428829943505704
03887B26C1	86	0.015800764474637217	0.8094769696805044	0.13249898439315883	0.04222328145169971
03887B26C1	87	0.11949385292060663	0.4632303238405148	0.27919949253575427	0.13807633070312425
03887B26C1	88	0.46538595534122684	0.3768668816266286	0.12767079004573256	0.030076372986412057
03887B26C1	89	0.07436269747380626	0.3857765690541172	0.2919737119926515	0.24788702147942487
03887B26C1	90	0.6906836573920827	0.12876614152607815	0.09995225227170393	0.08059794881013514
03887B26C1	91	0.8496053264850265	0.0502797904664813	0.05863115024144841	0.04148373280704363
03887B26C1	92	0.2848410323436196	0.26673004788847976	0.2744214565356025	0.17400746323229802
03887B26C1	93	0.20469922805546312	0.23697484118707132	0.5162571327848606	0.04206879797260497
03887B26C1	94	0.6782609835093009	0.2230174487300856	0.09208312276074838	0.006638444999865017
03887B26C1	95	0.3819604875620429	0.25305114532681944	0.30784959572889786	0.057138771382239814
03887B26C1	96	0.05433385324385617	0.5909386296883031	0.25398261561881375	0.10074490144902705
03887B26C1	97	0.007528871159817454	0.784624602575626	0.11006908614792393	0.09777744011663253
03887B26C1	98	0.08811313639081868	0.7163552641870875	0.16467104257949422	0.03086055684259957
03887B26C1	99	0.5848791963158757	0.23747322656850306	0.11382630529617832	0.06382127181944251
03887B26C1	100	0.22269912274987858	0.15904908963205905	0.47490474133340627	0.14334704628465578
03887B26C1	101	0.2989795906931717	0.3200789481487262	0.3343462975781243	0.04659516357997798
03887B26C1	102	0.005478847059169517	0.6533963701169053	0.13951110293168634	0.20161367989223875
03887B26C1	103	0.19391597195752922	0.31064007487141376	0.44532075513175245	0.05012319803930454
03887B26C1	104	0.7911929771851576	0.026384713592248515	0.1014580577877799	0.08096425143481407
03887B26C1	105	0.049748993290520675	0.7034555528293496	0.2135434378728531	0.033252016007276404
03887B26C1	106	0.012869148629766673	0.6349346845862854	0.32161275567944775	0.0305834111045005
03887B26C1	107	0.7259652640591301	0.12005839051050607	0.08489352975084423	0.06908281567951964
03887B26C1	108	0.29094714003770394	0.3125383476522289	0.20379547592619116	0.19271903638387602
03887B26C1	109	0.3037209087780134	0.46586397372872584	0.19574103018249414	0.034674087310766544
03887B26C1	110	0.5015803951466757	0.29574386243682665	0.16519299722306183	0.037482745193436015
03887B26C1	111	0.7398764115498686	0.13589475626077852	0.10656254375513238	0.017666288434220342
03887B26C1	112	0.1366984739603372	0.5420783143488623	0.22468963421555627	0.09653357747524402
03887B26C1	113	0.08263163522442672	0.4828745269554561	0.37891362795807254	0.055580209862044525
03887B26C1	114	0.6716556455417245	0.13050943421405342	0.17388313401907596	0.023951786225146102
03887B26C1	115	0.4252566582524948	0.3675729813531956	0.11396064726635968	0.09320971312794994
03887B26C1	116	0.7003315256223615	0.10609203687390274	0.11560085430946851	0.07797558319426724
03887B26C1	117	0.572426897688353	0.22085924292256962	0.18761068733567765	0.01910317205339996
03887B26C1	118	0.39183626883044687	0.320123247238817	0.1250120572454099	0.16302842668532627
03887B26C1	119	0.05499011013768964	0.762399596662543	0.16367147589416006	0.01893881730560737
03887B26C1	120	0.02447350989331267	0.6025828745225109	0.1185205346491349	0.2544230809350415
03887B26C1	121	0.05368059162401078	0.5657372446917946	0.14809599787207425	0.23248616581212067
03887B26C1	122	0.4105555493457146	0.3168718683572565	0.21394803857916472	0.05862454371786435
03887B26C1	123	0.018905681004353653	0.7439474267213736	0.09307081819955446	0.14407607407471823
03887B26C1	124	0.8503120160558025	0.061911803997245794	0.06930485171571306	0.018471328231238798
03887B26C1	125	0.019343867919279476	0.6059739832896724	0.2917830823731019	0.08289906641794632
03887B26C1	126	0.672203737705513	0.15539886787259397	0.09723642376195704	0.0751609706599359
03887B26C1	127	0.20365067278110952	0.248001943954939	0.43330972236977733	0.11503766089417371
03887B26C1	128	0.7216069535856316	0.04362805308958176	0.0753548299489555	0.15941016337583122
03887B26C1	129	0.3547696699081116	0.4223863718133356	0.13717681380464813	0.08566714447390465
03887B26C1	130	0.028105876532391952	0.7315301984097402	0.14326202498767396	0.09710190007019391
03887B26C1	131	0.06770526766129074	0.6962572359223732	0.17392933066558283	0.0621081657507534
03887B26C1	132	0.019124888747564964	0.22391734241730707	0.15494414037538162	0.6020136284597464
03887B26C1	133	0.9263864066664611	0.02582538778085357	0.04283154897888363	0.004956656573801694
03887B26C1	134	0.81611276148532	0.08048346360820822	0.06399572247903854	0.039408052427433185
03887B26C1	135	0.7945607893607888	0.0953526729405258	0.07144644340582816	0.03864009429285714
03887B26C1	136	0.504987252643686	0.1388141555645619	0.19185529536467802	0.16434329642707393
03887B26C1	137	0.23737005070531153	0.5701638905469606	0.16498118631224967	0.027484872435478216
03887B26C1	138	0.023937453995778887	0.08599496738208771	0.8570060433274087	0.033061535294724685
03887B26C1	139	0.09948869887230144	0.4218936877960349	0.17063268256307107	0.3079849307685925
03887B26C1	140	0.28178570326272573	0.10272002196526545	0.19448980512604164	0.4210044696459669
03887B26C1	141	0.4075545466037491	0.24550640959869574	0.22266169894018217	0.124277344857373
03887B26C1	142	0.22055227697850432	0.34645806738213863	0.20407445425722082	0.22891520138213636
03887B26C1	143	0.47955600856133596	0.16751775536947705	0.17678255249467228	0.1761436835745146
03887B26C1	144	0.02453038551343971	0.27684826906587406	0.4338261589717983	0.26479518644888783
03887B26C1	145	0.07094476613366005	0.43170988827305107	0.19461225472955887	0.30273309086373007
03887B26C1	146	0.08425105220850088	0.5200524691622261	0.22709607630816425	0.16860040232110865
03887B26C1	147	0.049592173611621854	0.44243756747237234	0.14898043298242322	0.35898982593358275
03887B26C1	148	0.31204537202393473	0.41318702195319773	0.110864542494726	0.16390306352814143
03887B26C1	149	0.36361830618384544	0.06730018681149756	0.22490864759865953	0.34417285940599734
03887B26C1	150	0.012726037402613431	0.3289548183943885	0.21795250529543522	0.440366638907563
03887B26C1	151	0.07559866628040571	0.5452172600733379	0.22437345887291654	0.15481061477333982
03887B26C1	152	0.006601423936787847	0.18739666447392153	0.1308496317388836	0.675152279850407
03887B26C1	153	0.017393356797621207	0.2437085829600433	0.29324458836313727	0.44565347187919846
03887B26C1	154	0.09167049178291957	0.13153002291421365	0.1951233922189154	0.581676093083951
03887B26C1	155	0.013801013571430473	0.14551995468394396	0.17701777543322697	0.6636612563113986
03887B26C1	156	0.033321546102592726	0.25877428808171477	0.18028615113657356	0.5276180146791192
03887B26C1	157	0.23026056848144869	0.4022365253934063	0.2447692104529172	0.12273369567222785
03887B26C1	158	0.1626550124549269	0.27802265232493145	0.3036953649704081	0.2556269702497335
03887B26C1	159	0.012661834623771843	0.06675113060202727	0.09762574874907669	0.8229612860251243
03887B26C1	160	0.03057102030762646	0.12372969250676298	0.1771179641689697	0.6685813230166407
03887B26C1	161	0.0937537012519783	0.32556589625506294	0.44588999095997184	0.13479041153298674
03887B26C1	162	0.023410426645692962	0.42927369805510074	0.262940641747071	0.2843752335521353
03887B26C1	163	0.005811600631779501	0.10704313709857342	0.10077034937968249	0.7863749128899646
056F63395C	1	0.24146682634912356	0.48665701041498227	0.23626228567531032	0.03561387756058381
056F63395C	2	0.9104006363302246	0.01609336187438019	0.06820874191402905	0.0052972598813663925
056F63395C	3	0.09946249127200682	0.6683295248126316	0.16418909217521913	0.06801889174014226
056F63395C	4	0.45222982896744607	0.361202567899707	0.16445677128150554	0.022110831851341176
056F63395C	5	0.8892417975075803	0.031757616326241425	0.06943729807966871	0.00956328808650977
056F63395C	6	0.06731952643712857	0.6413108342396447	0.22572835414506284	0.0656412851781639
056F63395C	7	0.4243677084026074	0.3067735255924365	0.1747734684637895	0.09408529754116644
056F63395C	8	0.008884079026624532	0.7373431876057834	0.1951181755790137	0.058654557788578324
056F63395C	9	0.7743128227346198	0.06731486285706162	0.14401496604910483	0.014357348359213953
056F63395C	10	0.2538795103761316	0.43522131263707764	0.1611538132185052	0.1497453637682856
056F63395C	11	0.19209236910626062	0.5251238216545386	0.23069105535488624	0.0520927538843148
056F63395C	12	0.3452365858972465	0.4053645280830822	0.15319029306440995	0.09620859295526182
056F63395C	13	0.030690025339651095	0.5624057011242721	0.3124549433932622	0.09444933014281465
056F63395C	14	0.6171615866363396	0.14280458881853492	0.19227511616046378	0.047758708384661896
056F63395C	15	0.5165651847363049	0.2900997957575097	0.18676401627659944	0.006571003229586176
056F63395C	16	0.7531542962938852	0.053382986698229634	0.18945534077035428	0.004007376237531031
056F63395C	17	0.047346722684915354	0.5800669702217057	0.34559978765563953	0.0269865194377393
056F63395C	18	0.21521443868332846	0.33350273446734074	0.23601754140429246	0.21526528544503812
056F63395C	19	0.4145803217831625	0.2798109179594118	0.2901677669801261	0.015440993277299633
056F63395C	20	0.07585783916857718	0.42180757819223264	0.19753440193477834	0.304800180704412
056F63395C	21	0.13040396795757345	0.29611279094750825	0.15582572421589178	0.41765751687902647
056F63395C	22	0.10508347564367114	0.5710276319791151	0.3121972387186367	0.01169165365857709
056F63395C	23	0.05357852445674485	0.36357777515146145	0.28632270002573834	0.29652100036605533
056F63395C	24	0.685080526227308	0.1409052988604588	0.16677899915767802	0.007235175754555495
056F63395C	25	0.8851409474269067	0.04040963359170207	0.062291700680227234	0.012157718301163703
056F63395C	26	0.06655567386010432	0.6383118828078801	0.1724305008646525	0.12270194246736339
056F63395C	27	0.44436446702041293	0.3815839410519923	0.12469743419446691	0.0493541577331275
056F63395C	28	0.8485091390368836	0.08802971951555706	0.058843472491288615	0.004617668956270754
056F63395C	29	0.3642801117069401	0.42230814762958546	0.1443383823551962	0.06907335830827833
056F63395C	30	0.6491357650323752	0.10246500824649506	0.24090434032180877	0.00749488639932086
056F63395C	31	0.33031301647160405	0.37634562643797165	0.18579569627221335	0.10754566081821094
056F63395C	32	0.6756851328798599	0.1314247331715482	0.16833524674259415	0.024554887205997918
056F63395C	33	0.6263142882492154	0.2071951016852369	0.15807623356978842	0.008414376495759206
056F63395C	34	0.030232302615989363	0.7210182442345551	0.20647143788629282	0.04227801526316287
056F63395C	35	0.8722746560234295	0.04957632634114382	0.07409069552277754	0.00405832211264915
056F63395C	36	0.5673210660886471	0.10551724682524301	0.21462285429987293	0.11253883278623686
056F63395C	37	0.9434928557764499	0.011342231214501054	0.04150208623049314	0.003662826778555706
056F63395C	38	0.8782253697813847	0.07033613057507697	0.04659228764787926	0.004846211995659082
056F63395C	39	0.8125298869974027	0.04933232243237796	0.12848203317531104	0.009655757394908166
056F63395C	40	0.23933448180594555	0.4546323028036567	0.23192840401574202	0.07410481137465574
056F63395C	41	0.21181015941028575	0.3466998155177717	0.2620112958672734	0.1794787292046692
056F63395C	42	0.8972872850548269	0.02592298449895914	0.07370656505027415	0.0030831653959396757
056F63395C	43	0.7554214297247549	0.1371382674538838	0.09746204291300288	0.00997825990835866
056F63395C	44	0.6921243729169837	0.08031569126057665	0.2120878317783056	0.015472104044134202
056F63395C	45	0.09301503070092579	0.7112969372914563	0.18334350886986558	0.012344523137752366
056F63395C	46	0.062683079944552	0.30104446235863486	0.31745875270906493	0.3188137049877483
056F63395C	47	0.5536173128465616	0.1056860999611459	0.21901780546114932	0.1216787817311431
056F63395C	48	0.8679347358090725	0.03293619702218516	0.09099840361255518	0.008130663556186675
056F63395C	49	0.7131044066759655	0.13289789929115486	0.12159582616033213	0.03240186787254719
056F63395C	50	0.5911697064075612	0.15118519214824108	0.2187853413648841	0.0388597600793137
056F63395C	51	0.8112095301421819	0.08517418575929125	0.0974186744619759	0.006197609636551316
056F63395C	52	0.09970883944382014	0.6623218801482926	0.21479203327049579	0.023177247137391294
056F63395C	53	0.05027423662351865	0.2586256901105036	0.4024599066622093	0.28864016660376857
056F63395C	54	0.8385494872624404	0.04224761828048791	0.11312621854140037	0.0060766759156713705
056F63395C	55	0.8555255599971215	0.022476003027219367	0.10944895718337719	0.012549479792281958
056F63395C	56	0.08597045340893489	0.6222266442832436	0.1507707461351275	0.1410321561726938
056F63395C	57	0.03048941561968778	0.11749481977773572	0.12561105250372248	0.726404712098854
056F63395C	58	0.9433218059734767	0.020452652238161843	0.03174365820903878	0.004481883579322474
056F63395C	59	0.39061810685645626	0.4055980031155388	0.13686676359935554	0.06691712642864918
056F63395C	60	0.40312618785538024	0.4295244001034085	0.14068332860019037	0.026666083441021126
056F63395C	61	0.13306160093174732	0.12526421316143155	0.3180797862565688	0.4235943996502522
056F63395C	62	0.1451278862408778	0.6951898213230091	0.12071954452226959	0.038962747913843694
056F63395C	63	0.3857677553349304	0.3060755624932629	0.2596314129787539	0.04852526919305262
056F63395C	64	0.23626836114058677	0.45051483165106077	0.1748399836208304	0.1383768235875217
056F63395C	65	0.04022431294385998	0.5370996562445024	0.11715102874203567	0.3055250020696019
