Source Name	Cell ID	archetype 1	archetype 2	archetype 3	archetype 4
6EA948A72F	1	0.9838260930773363	0.009473199745583532	0.00615153612660425	0.0005491710504759767
6EA948A72F	2	0.8139413439448114	0.07301416146828028	0.09659540892664503	0.01644908566026321
6EA948A72F	3	0.8178658941336321	0.020514203085657934	0.15810125470610772	0.0035186480746023457
6EA948A72F	4	0.4120434031129068	0.14381827374063194	0.4300880061495904	0.014050316996870541
6EA948A72F	5	0.6987775543512292	0.1286712601442987	0.1601123001224144	0.01243888538205773
6EA948A72F	6	0.35449587584819003	0.4509743583700149	0.18836948958823832	0.006160276193556589
6EA948A72F	7	0.25530112733604615	0.4045485756259318	0.33090604416357866	0.009244252874443398
6EA948A72F	8	0.0907336783253584	0.16741105137126389	0.7205406844800714	0.021314585823306396
6EA948A72F	9	0.5560575244374787	0.4021037594810111	0.040116697901147316	0.0017220181803627311
6EA948A72F	10	0.9738193648399323	0.0012612515453540181	0.02008279382418467	0.004836589790528977
6EA948A72F	11	0.8508231366396888	0.09182851627992988	0.053921161492722164	0.0034271855876591303
6EA948A72F	12	0.8854586640996718	0.056758460314879224	0.05694785068244465	0.0008350249030043726
6EA948A72F	13	0.06623896472942795	0.4967789317966787	0.43157531117197073	0.005406792301922538
6EA948A72F	14	0.877676448554433	0.08731420080150518	0.03257285617386908	0.0024364944701926352
6EA948A72F	15	0.2829181472237743	0.328322016126482	0.24288660575976437	0.1458732308899794
6EA948A72F	16	0.8455151498742725	0.019242550171581174	0.12529769601466326	0.009944603939483251
6EA948A72F	17	0.9119776437445386	0.028554633763934703	0.057048322894367724	0.002419399597158979
6EA948A72F	18	0.04622638110907464	0.645989115682104	0.30447971924260947	0.003304783966211456
6EA948A72F	19	0.24999418606943902	0.4983749584961309	0.24267476701773452	0.008956088416695604
6EA948A72F	20	0.2978114209209882	0.3652832317647346	0.33140977378190495	0.0054955735323719635
6EA948A72F	21	0.1460356130510629	0.31415259530328155	0.5264365168142632	0.013375274831392612
6EA948A72F	22	0.7138332270023258	0.20052033380829698	0.08407344339988317	0.0015729957894938524
6EA948A72F	23	0.01992009257459518	0.8900528858861586	0.0768410372821028	0.013185984257143358
6EA948A72F	24	0.04886024823726847	0.4470106623558768	0.2886379863957621	0.21549110301109242
6EA948A72F	25	0.06672073144027309	0.7503158266616113	0.18150241151748034	0.0014610303806351103
6EA948A72F	26	0.896658546759451	0.011689406060153269	0.0902640167698	0.0013880304105956206
6EA948A72F	27	0.007877076371832242	0.8385450607894256	0.1522551437187346	0.0013227191200075202
6EA948A72F	28	0.029360964590012063	0.7982594867429637	0.16724846149492298	0.0051310871721014515
6EA948A72F	29	0.9756504390217864	0.006679309530875383	0.016821887427626785	0.0008483640197113943
6EA948A72F	30	0.08350626650853728	0.5834982424492796	0.3305500629943253	0.0024454280478580647
6EA948A72F	31	0.9280973328502575	0.030293813548760665	0.029378265296765387	0.012230588304216475
6EA948A72F	32	0.6749804158891586	0.14560817317211355	0.16447743566539186	0.014933975273335945
6EA948A72F	33	0.9410864650583787	0.029946929073344872	0.026608527720612705	0.002358078147663548
6EA948A72F	34	0.06608171131680216	0.36454887076676645	0.5441074525286896	0.025261965387741878
6EA948A72F	35	0.5584840411713471	0.07446040776159459	0.34556815992375667	0.02148739114330164
6EA948A72F	36	0.016263066560524113	0.6560827575111144	0.22776484718679213	0.09988932874156918
6EA948A72F	37	0.0693137911885989	0.6651170320278039	0.25158563940407797	0.013983537379519271
6EA948A72F	38	0.4166328628716229	0.43013924860592684	0.14469581725822678	0.008532071264223283
6EA948A72F	39	0.9752721077418057	0.005855626694657168	0.01826264917521625	0.0006096163883209013
6EA948A72F	40	0.05535323930797363	0.3358635228317085	0.6003346122435321	0.008448625616785508
6EA948A72F	41	0.003644064438555576	0.8987436456699183	0.09485896133955879	0.00275332855196725
6EA948A72F	42	0.8561733071312744	0.044685856960367774	0.09239068346512201	0.006750152443235543
6EA948A72F	43	0.8454306146583154	0.02590202504442159	0.10530064232321884	0.023366717974044365
6EA948A72F	44	0.966076803813757	0.004958996779038481	0.02810044697746614	0.0008637524297381282
6EA948A72F	45	0.0071773299689786105	0.8787948086533807	0.0906325098998312	0.023395351477809585
6EA948A72F	46	0.9546866640709295	0.012596278382609315	0.031444134217767344	0.0012729233286937751
6EA948A72F	47	0.3093228818198903	0.5539750835006725	0.12777175990122744	0.008930274778210224
6EA948A72F	48	0.9513457067811293	0.007148867820856063	0.03735345143680666	0.004151973961208049
6EA948A72F	49	0.812702221132275	0.07472798135231505	0.1100403732050668	0.002529424310343095
6EA948A72F	50	0.07413013280536761	0.2618767276228891	0.5146667484283723	0.1493263911433706
6EA948A72F	51	0.7843552985993997	0.12090181017955208	0.09273077654404663	0.002012114677001374
6EA948A72F	52	0.9949023801405299	0.0005185839160962506	0.004292845743670307	0.00028619019970364335
6EA948A72F	53	0.006952374545032725	0.87942180158945	0.10206329341685014	0.011562530448667065
6EA948A72F	54	0.229790552399933	0.042788373232070374	0.7077369981646775	0.01968407620331919
6EA948A72F	55	0.009176209658794222	0.8139790411737626	0.16657202717412745	0.010272721993315751
6EA948A72F	56	0.09617444411307839	0.4271024936021484	0.37946143445695574	0.09726162782781758
6EA948A72F	57	0.17935610243998124	0.6777766650573149	0.13670969563126723	0.006157536871436836
6EA948A72F	58	0.13992624638704912	0.21603198439937138	0.6191296947797913	0.024912074433787963
6EA948A72F	59	0.571867503038519	0.22356048108538903	0.18709192998599	0.017480085890101946
6EA948A72F	60	0.0789633594821805	0.8593148064510255	0.05735736524009004	0.004364468826703653
6EA948A72F	61	0.9308356272981637	0.014245199064509247	0.04216594402977607	0.012753229607550903
6EA948A72F	62	0.8633971891219584	0.02076852924564412	0.10796200441971913	0.007872277212678398
6EA948A72F	63	0.9828526191594305	0.005003945770687064	0.010230585696567275	0.0019128493733153935
6EA948A72F	64	0.40123703049535425	0.19229301650545613	0.39546583171500055	0.011004121284189147
6EA948A72F	65	0.1767215463585286	0.3843674337041937	0.42708661196339714	0.011824407973880237
6EA948A72F	66	0.28577912091056357	0.597030734920318	0.09563658337444994	0.021553560794668483
6EA948A72F	67	0.2283235912493318	0.3492907344801602	0.39547441861702654	0.026911255653481635
6EA948A72F	68	0.6119995725278539	0.0447201376794035	0.33713370575550583	0.006146584037236716
6EA948A72F	69	0.9637895296951292	0.005675557289394188	0.025770577914721596	0.004764335100754947
6EA948A72F	70	0.9192247103105151	0.011390916483459817	0.06550950539845316	0.003874867807572068
6EA948A72F	71	0.5744588005640756	0.12901361845369655	0.2875213947192761	0.009006186262951736
6EA948A72F	72	0.17620007436952795	0.2176295672305344	0.5936804338792786	0.012489924520659173
6EA948A72F	73	0.9576131109272519	0.007965597103382405	0.030604037114842407	0.003817254854523074
6EA948A72F	74	0.01679856133895826	0.8941922736118936	0.0428883132552099	0.046120851793938204
6EA948A72F	75	0.0032271902509749834	0.868400984997072	0.11324752559028402	0.015124299161669196
6EA948A72F	76	0.07477235960688196	0.12537675565485495	0.7853249647731101	0.014525919965153058
6EA948A72F	77	0.1480080421852381	0.10694176946664734	0.7431745625097935	0.0018756258383209926
6EA948A72F	78	0.025328612964614326	0.8644353105594998	0.10701812838103072	0.003217948094855056
6EA948A72F	79	0.0614822037916153	0.6128853598675035	0.3146211916465607	0.011011244694320901
6EA948A72F	80	0.012882948513804879	0.7382316962719296	0.24570623247254364	0.0031791227417217803
6EA948A72F	81	0.37285619898850036	0.15349225531262542	0.469885211838772	0.0037663338601023858
6EA948A72F	82	0.034263938578281035	0.8335782427978138	0.1275653301099779	0.004592488513927271
6EA948A72F	83	0.31863540077436686	0.5563246214216383	0.12005529353755619	0.004984684266438542
6EA948A72F	84	0.42618775666179026	0.17017189005750924	0.39185041318196917	0.011789940098731393
6EA948A72F	85	0.6850276622945156	0.19776718479041527	0.1025708635249797	0.014634289390089497
6EA948A72F	86	0.027469487362427526	0.2637480435936557	0.3883625804915177	0.32041988855239906
6EA948A72F	87	0.4504952122630048	0.08024246148060832	0.4645831699589576	0.004679156297429106
6EA948A72F	88	0.8587732135110152	0.07052483751613091	0.060264204999266255	0.01043774397358794
6EA948A72F	89	0.020285741804356258	0.6489077800165199	0.318848504296006	0.011957973883117621
6EA948A72F	90	0.9740713440581865	0.004691117557931982	0.01721661325447463	0.004020925129406857
6EA948A72F	91	0.8049775493445679	0.0876048588519302	0.10418707558081605	0.003230516222685926
6EA948A72F	92	0.6700550419323656	0.07532683586186664	0.20648280709999997	0.04813531510576784
6EA948A72F	93	0.021851486904817117	0.8590686577560182	0.07900440733767912	0.04007544800148566
6EA948A72F	94	0.08101820219086601	0.8458836396749967	0.053952182713768934	0.019145975420368437
6EA948A72F	95	0.8909504181930815	0.03994181370057443	0.06668269754086738	0.0024250705654765246
6EA948A72F	96	0.051962690547875695	0.8307763886686567	0.0978798177151654	0.019381103068302225
6EA948A72F	97	0.018889792869889826	0.6395117691056609	0.3366966467568753	0.0049017912675737504
6EA948A72F	98	0.007767777691554234	0.7476286620425285	0.24026607574726572	0.004337484518651643
6EA948A72F	99	0.4453470104709465	0.050756458455935176	0.4955586894078254	0.008337841665292937
6EA948A72F	100	0.8583062066210951	0.029030442169932096	0.08176933487284922	0.030894016336123674
6EA948A72F	101	0.3610046077762736	0.4847837898162635	0.15105894939432984	0.0031526530131327423
6EA948A72F	102	0.4229679515789175	0.4178764061802267	0.10090063225365394	0.058255009987201754
6EA948A72F	103	0.8103913409069281	0.0649869601978401	0.10449300357754385	0.020128695317688166
6EA948A72F	104	0.14750877648281913	0.35018153791925716	0.49243946553984236	0.009870220058081434
6EA948A72F	105	0.46007183699255777	0.21931435146880032	0.31600520826348527	0.00460860327515671
6EA948A72F	106	0.004513363471385978	0.9250897756292438	0.06859303792345688	0.0018038229759135495
6EA948A72F	107	0.22515658466365493	0.01836676271490693	0.40707417885933	0.3494024737621084
6EA948A72F	108	0.8355071668056602	0.06541552460343897	0.08183952624319936	0.017237782347701614
6EA948A72F	109	0.03018189181245197	0.7799516515470503	0.18080114861204125	0.009065308028456447
6EA948A72F	110	0.7798346316773739	0.02871850672010198	0.14646184059177983	0.044985021010744405
6EA948A72F	111	0.04716852839689815	0.7496487704684349	0.1967755192377235	0.006407181896943549
6EA948A72F	112	0.07247518267419101	0.36187045472220597	0.5597565726211094	0.0058977899824936035
6EA948A72F	113	0.7542019208218383	0.18453080216476075	0.04438817160577189	0.016879105407629182
6EA948A72F	114	0.1804090328876433	0.40885175403295343	0.3777060542942327	0.03303315878517019
6EA948A72F	115	0.004421210185140967	0.8951650467966022	0.08232477137633731	0.018088971641919308
6EA948A72F	116	0.09716767799547342	0.5065192115210443	0.38227604703319346	0.014037063450289022
6EA948A72F	117	0.7197057843931872	0.04376929872623941	0.17931988019783754	0.057205036682735806
6EA948A72F	118	0.23388207314254106	0.03752336150134707	0.1501020141155816	0.5784925512405302
6EA948A72F	119	0.191063711795515	0.4096853645857287	0.3894558972993527	0.00979502631940358
6EA948A72F	120	0.02201346579247196	0.7631871241910813	0.20918234658835677	0.005617063428090462
6EA948A72F	121	0.5887473948966323	0.02948347353298774	0.1891938707899966	0.19257526078038367
6EA948A72F	122	0.8002468092696061	0.06066183173158139	0.10490265327424331	0.0341887057245692
6EA948A72F	123	0.006974192430335438	0.8673086306891226	0.12372993746179481	0.0019872394187472556
6EA948A72F	124	0.24666635435868284	0.26776002535567717	0.08177623234007432	0.4037973879455654
6EA948A72F	125	0.022204376717839376	0.03448300692982262	0.06396084253550496	0.8793517738168334
6EA948A72F	126	0.09243151703798487	0.31872695041252225	0.5825364786184822	0.006305053931010504
6EA948A72F	127	0.028094130723922067	0.7531709616295691	0.2129804172916567	0.005754490354852058
6EA948A72F	128	0.049642866430521876	0.15532097114825832	0.08980288847803947	0.7052332739431801
6EA948A72F	129	0.08257115112335997	0.2997405298881366	0.6121542294099628	0.005534089578540454
6EA948A72F	130	0.006783847573930703	0.8577333091495507	0.13337764277815706	0.0021052004983612943
6EA948A72F	131	0.054945974522591506	0.7119707431005889	0.22993894420035382	0.0031443381764654126
6EA948A72F	132	0.0067376795819799485	0.8109081569085905	0.1642642314191645	0.01808993209026538
6EA948A72F	133	0.012204620309455254	0.03494118602002733	0.018010156294765187	0.9348440373757525
6EA948A72F	134	0.03645268652056459	0.5679507600722424	0.34272047964182906	0.05287607376536357
6EA948A72F	135	0.004525317202491818	0.6644684424242447	0.3306058869343997	0.0004003534388634731
6EA948A72F	136	0.006472524442677981	0.8072252038276132	0.1821382998612407	0.004163971868467814
6EA948A72F	137	0.002794885385876548	0.9320908014520478	0.06350677018110876	0.0016075429809667841
6EA948A72F	138	0.012079058987082943	0.32682195469627784	0.06123746256558244	0.599861523751057
6EA948A72F	139	0.013106732398842039	0.7948319891727789	0.1894906263406099	0.0025706520877692516
6EA948A72F	140	0.004673849847183264	0.8622639051333696	0.1303180229468503	0.0027442220725968454
6EA948A72F	141	0.018251163538013367	0.7733443221724081	0.1975616919194508	0.010842822370127845
6EA948A72F	142	0.011731776535640828	0.4139871815348991	0.4961667380903145	0.0781143038391456
