Source Name	Cell ID	archetype 1	archetype 2	archetype 3	archetype 4
128F6F3122	1	0.03574174005658247	0.8961882773885892	0.06455468735071852	0.003515295204109804
128F6F3122	2	0.5557580548148285	0.21199687158025254	0.22615974529653646	0.006085328308382462
128F6F3122	3	0.9067720417766761	0.04334908943145357	0.04780553984227347	0.0020733289495966614
128F6F3122	4	0.44214981839961814	0.19637312448841404	0.34950389030343687	0.011973166808530871
128F6F3122	5	0.9393232718200286	0.03184807858976004	0.019982548806768627	0.008846100783442694
128F6F3122	6	0.18992885891428182	0.5508619299870483	0.25380649093957436	0.005402720159095199
128F6F3122	7	0.9872534255873515	0.001761354419799011	0.01040147102752134	0.0005837489653282734
128F6F3122	8	0.7988349720806392	0.15454219711236125	0.04204249662666602	0.0045803341803333794
128F6F3122	9	0.7486134933112104	0.01144640507000076	0.23640177202381008	0.0035383295949786464
128F6F3122	10	0.09306456646141095	0.6807366255597218	0.22093954508937277	0.005259262889494522
128F6F3122	11	0.017269089401644955	0.842277412227754	0.13912220310975343	0.001331295260847889
128F6F3122	12	0.03020294102655367	0.3372606428613673	0.6264209191021088	0.006115497009970033
128F6F3122	13	0.03382317202701826	0.6942584024275996	0.26944761034233883	0.0024708152030434496
128F6F3122	14	0.8888717168225678	0.05066847229437815	0.05700111465526563	0.0034586962277880842
128F6F3122	15	0.07051211046137121	0.7587947552139023	0.08351756864033506	0.0871755656843915
128F6F3122	16	0.8707788906463088	0.0287082073757787	0.09910064657527576	0.001412255402637222
128F6F3122	17	0.007576196292946476	0.8086950938560126	0.17990048372702502	0.003828226124016042
128F6F3122	18	0.03927601644094605	0.4193723655523343	0.5209434361903237	0.020408181816395903
128F6F3122	19	0.7251210237907104	0.05163985863710254	0.20751920007053498	0.01571991750165223
128F6F3122	20	0.8663293381497915	0.08575719414715276	0.045639152345942485	0.002274315357113226
128F6F3122	21	0.0794918651291191	0.5316339781088343	0.38351103112499446	0.0053631256370519804
128F6F3122	22	0.08471109607413041	0.3539011195419386	0.5255662011688618	0.035821583215069265
128F6F3122	23	0.6354648853710809	0.06796065641763839	0.28512058003895546	0.01145387817232528
128F6F3122	24	0.94542352826078	0.004497150269381814	0.04866820771290877	0.0014111137569295079
128F6F3122	25	0.0032535941414700807	0.8998362379847911	0.07526603661469883	0.021644131259039887
128F6F3122	26	0.026847898596916317	0.9143009345776274	0.05767149615691547	0.0011796706685409772
128F6F3122	27	0.008050137682682439	0.8979436263501805	0.0823056746939737	0.011700561273163233
128F6F3122	28	0.49579925544480247	0.06122616749679572	0.4202250045054663	0.02274957255293551
128F6F3122	29	0.019105029806509747	0.8667401159745667	0.11189567456653475	0.0022591796523887967
128F6F3122	30	0.02383939435884712	0.8715978696929413	0.08656197505601644	0.018000760892195208
128F6F3122	31	0.7461663728147477	0.023735758762860062	0.20863863560659626	0.021459232815796005
128F6F3122	32	0.009397419228639788	0.8121878785404532	0.16900225291721535	0.009412449313691442
128F6F3122	33	0.1986588590074815	0.636611604865775	0.1605958640453713	0.004133672081372404
128F6F3122	34	0.9840378763678214	0.001818563481107453	0.013284896244009628	0.0008586639070615276
128F6F3122	35	0.8568604583398632	0.021639342047487357	0.11645896141160678	0.005041238201042651
128F6F3122	36	0.03382465313566114	0.25483662073552293	0.5983006666575253	0.11303805947129078
128F6F3122	37	0.16592750084449998	0.701227984022066	0.118904878591533	0.013939636541900696
128F6F3122	38	0.9730022099325802	0.011430023610539845	0.015020877568593766	0.0005468888882863266
128F6F3122	39	0.2115283229770717	0.12659123618056545	0.5007169893266756	0.16116345151568723
128F6F3122	40	0.9535100137761093	0.007782423189130728	0.03593840546595207	0.002769157568807852
128F6F3122	41	0.012665159750972202	0.19847469989136918	0.7501414816531823	0.038718658704476334
128F6F3122	42	0.11481898221206176	0.6751237111835376	0.20202510799782197	0.008032198606578703
128F6F3122	43	0.006513535576586224	0.8734348296479126	0.11690900297037653	0.003142631805124114
128F6F3122	44	0.5411672861161706	0.04924967026359581	0.3998892571413148	0.009693786478918455
128F6F3122	45	0.031325576251105686	0.6219364219826358	0.33419084025318346	0.012547161513075056
128F6F3122	46	0.006262548711918821	0.9023653231257858	0.08549910249783575	0.005873025664459793
128F6F3122	47	0.009904753623459652	0.7457658858689763	0.23283806074948454	0.011491299758079759
128F6F3122	48	0.05212599475620046	0.7794157457396887	0.1007872885619548	0.06767097094215607
128F6F3122	49	0.6590234364674705	0.06072673630428171	0.27103061685231966	0.009219210375928207
128F6F3122	50	0.902822543242052	0.03345614228174518	0.056352844334194234	0.007368470142008692
128F6F3122	51	0.11394592529470417	0.07942040144226069	0.1643946500502955	0.6422390232127394
128F6F3122	52	0.012054255290025562	0.807668753630748	0.1562340045069127	0.024042986572313924
128F6F3122	53	0.00724113847972488	0.8440185633201622	0.1328514156457109	0.015888882554402337
128F6F3122	54	0.010037992844846688	0.3428550402257678	0.5007551503557552	0.14635181657363047
128F6F3122	55	0.00700115742397982	0.6991349098223639	0.21860767196156572	0.07525626079209037
128F6F3122	56	0.9064614538493031	0.05452974152696436	0.036189005908870274	0.002819798714862165
128F6F3122	57	0.018510149573688222	0.10845384546449695	0.1762071045731123	0.6968289003887028
128F6F3122	58	0.6813414937785787	0.1343473916978115	0.11959187964524087	0.06471923487836873
128F6F3122	59	0.894449008220125	0.033996560865253676	0.06711309906976741	0.004441331844854012
128F6F3122	60	0.002755815418864689	0.017326461437342112	0.027018980543366603	0.9528987426004266
128F6F3122	61	0.6254644397086496	0.04817658589616649	0.09254014217797059	0.23381883221721314
128F6F3122	62	0.0086848701354082	0.38922262494904564	0.486668005953017	0.11542449896252928
128F6F3122	63	0.9508355095684806	0.005468130113159591	0.033866916991184715	0.009829443327175022
128F6F3122	64	0.9140968067031701	0.016334554796085983	0.06649496054368183	0.0030736779570621356
128F6F3122	65	0.017714768749910882	0.7525353143924193	0.21189703260929513	0.01785288424837463
128F6F3122	66	0.3707803756373506	0.21672594537808845	0.2743976733540122	0.1380960056305487
128F6F3122	67	0.007031846934334739	0.8432272623667417	0.14054107532925603	0.009199815369667465
128F6F3122	68	0.8884301159137885	0.06943830908839398	0.038908628290631735	0.0032229467071859825
128F6F3122	69	0.12108154975147975	0.7483784916401136	0.12260665084023846	0.007933307768168564
128F6F3122	70	0.13049693091392903	0.17507361997076704	0.5512278649145501	0.1432015842007539
128F6F3122	71	0.09412798739005397	0.3343622007269936	0.3874429111281856	0.1840669007547669
128F6F3122	72	0.4749220462918539	0.15665563011341216	0.2593824366301723	0.10903988696456154
128F6F3122	73	0.21575697148692383	0.22980363326223	0.5474049155324963	0.007034479718349854
128F6F3122	74	0.05351202586316646	0.5231116397824321	0.39211293561643457	0.03126339873796678
128F6F3122	75	0.2734233179749639	0.420212369861794	0.2609763009524322	0.04538801121080997
128F6F3122	76	0.33542985193660046	0.4754386118533373	0.1807823320859298	0.008349204124132387
128F6F3122	77	0.12651651551573312	0.14945782178590572	0.4480562398938683	0.2759694228044931
128F6F3122	78	0.10666167757870432	0.6266997572918667	0.19523421959377796	0.07140434553565107
128F6F3122	79	0.5774721012041011	0.3592447601157663	0.061128528949182054	0.002154609730950709
128F6F3122	80	0.8340530040779636	0.012606816429351997	0.11884495665030038	0.03449522284238406
128F6F3122	81	0.06613037691244714	0.8632287071357838	0.04423982323320874	0.026401092718560157
128F6F3122	82	0.3472412612774089	0.2529258576538308	0.3695318007955036	0.03030108027325684
128F6F3122	83	0.051507579909131934	0.4365974158610624	0.4903868750149435	0.021508129214862223
128F6F3122	84	0.009794531061402897	0.8958836574406261	0.0934419547964657	0.000879856701505429
128F6F3122	85	0.01016236194087165	0.0410951523285893	0.9386459180098068	0.010096567720732376
128F6F3122	86	0.0190572483316888	0.7932297173474475	0.17631570539276467	0.011397328928099101
128F6F3122	87	0.029445061964240488	0.05769993950669683	0.872567881797546	0.04028711673151684
128F6F3122	88	0.0198241031424797	0.37187110829422787	0.4205298976867806	0.18777489087651192
128F6F3122	89	0.010275951931429104	0.26951922241228354	0.4019691869150866	0.31823563874120103
128F6F3122	90	0.9115182780719968	0.03274056111832251	0.04394694645739061	0.011794214352290392
128F6F3122	91	0.0071415104272089126	0.9190209899288923	0.06059215508895407	0.01324534455494447
128F6F3122	92	0.004620851793869423	0.24279642094083193	0.747963926365595	0.004618800899703301
128F6F3122	93	0.008744840623202682	0.4646820751810819	0.5213433146635991	0.005229769532116177
