Source Name	Cell ID	archetype 1	archetype 2	archetype 3	archetype 4
E17C99121A	1	0.07190614134508315	0.1267857456444453	0.7978036318999491	0.0035044811105224482
E17C99121A	2	0.02776119173205052	0.8039419920283735	0.1595028843575438	0.008793931882032159
E17C99121A	3	0.9649373399187298	0.006306503993027585	0.02712590750952056	0.0016302485787222883
E17C99121A	4	0.008353451508133956	0.672061289304263	0.31568453517879275	0.0039007240088104606
E17C99121A	5	0.013903767366375608	0.4574041604687921	0.027678367150712615	0.5010137050141196
E17C99121A	6	0.05809581312318358	0.5634284960975084	0.37248177193009335	0.005993918849214763
E17C99121A	7	0.10640569584188798	0.6760674474381718	0.212984491391319	0.004542365328621382
E17C99121A	8	0.3971697041920009	0.3311749044700418	0.17583928680503988	0.09581610453291758
E17C99121A	9	0.1709793843117212	0.1688061718891457	0.6191676621610929	0.04104678163804028
E17C99121A	10	0.9309699080259194	0.019889792313785765	0.04709254214417125	0.0020477575161235756
E17C99121A	11	0.0070025074009377455	0.341213337985559	0.6376604505741785	0.014123704039324813
E17C99121A	12	0.9104256453398513	0.006997047857587912	0.07085739613722516	0.011719910665335781
E17C99121A	13	0.7077681843350493	0.13818119299875278	0.14048485344081352	0.013565769225384425
E17C99121A	14	0.003252353646069304	0.7182019517679974	0.21850685652730828	0.060038838058625116
E17C99121A	15	0.954530859435483	0.02290520277050034	0.02176789203068982	0.0007960457633269464
E17C99121A	16	0.22036795881839039	0.11940392050604126	0.16082340708474063	0.499404713590828
E17C99121A	17	0.42693810428706164	0.07175331390203872	0.48039504045560816	0.020913541355291453
E17C99121A	18	0.8752109256570744	0.07261894159657117	0.04889088016166129	0.003279252584692991
E17C99121A	19	0.009140021692661905	0.7020775132115569	0.28482058551392564	0.003961879581855631
E17C99121A	20	0.7934141892621799	0.05260311210761264	0.14412202686074338	0.00986067176946408
E17C99121A	21	0.8344080520433307	0.08238684951664335	0.08098615998186656	0.0022189384581592277
E17C99121A	22	0.35752566316608936	0.1165363900697103	0.3735432910020067	0.1523946557621936
E17C99121A	23	0.9123184817898369	0.050050750022531156	0.035070319824362546	0.0025604483632693372
E17C99121A	24	0.15043304204994512	0.3604314103268409	0.4829689005561233	0.006166647067090748
E17C99121A	25	0.9723666031598279	0.003358760932973884	0.021803723376796407	0.0024709125304018
E17C99121A	26	0.010694083030730496	0.09645322231636326	0.6152992562722126	0.2775534383806937
E17C99121A	27	0.9629381805034327	0.002958234834761486	0.03314246505542059	0.0009611196063851689
E17C99121A	28	0.9798719075028915	0.008414432688860897	0.010628416082717326	0.0010852437255302314
E17C99121A	29	0.8480769797935337	0.06633242317292655	0.08358327403010957	0.002007323003430386
E17C99121A	30	0.06488394870341505	0.5629913237507167	0.36740247918292596	0.004722248362942053
E17C99121A	31	0.9183074447788753	0.014421470569661702	0.05014043523206251	0.0171306494194003
E17C99121A	32	0.023030835555312993	0.05196099959998297	0.10623854507792727	0.8187696197667766
E17C99121A	33	0.8536803697322501	0.008340147471213288	0.13606329541582557	0.0019161873807109248
E17C99121A	34	0.6373389877517289	0.04855000344240208	0.30633078234373756	0.007780226462131476
E17C99121A	35	0.18570904187470888	0.2667188452742782	0.3357972782961111	0.21177483455490223
E17C99121A	36	0.02815960887915081	0.3336328438097725	0.6316142179579778	0.0065933293530988455
E17C99121A	37	0.944687254308112	0.004680125954656234	0.04896006862462935	0.0016725511126024384
E17C99121A	38	0.6173948897387631	0.0689243028054282	0.1896739010081529	0.12400690644765562
E17C99121A	39	0.670535002825468	0.128905011041935	0.1935018478877814	0.007058138244815735
E17C99121A	40	0.3412390736724443	0.0685977092215378	0.405148757560142	0.18501445954587595
E17C99121A	41	0.018109734525926596	0.28432043093710174	0.6905322625052623	0.007037572031709314
E17C99121A	42	0.7629093340982683	0.19013595935781874	0.043736956238270175	0.0032177503056428462
E17C99121A	43	0.9546642337483958	0.007228662718172591	0.037430149963934414	0.0006769535694967869
E17C99121A	44	0.6979245759954966	0.056425961563292264	0.23906843286855264	0.006581029572658886
E17C99121A	45	0.14329624249668627	0.21884984248098138	0.5889384449394474	0.04891547008288511
E17C99121A	46	0.47842737948395736	0.07281206823904643	0.13803744366706056	0.3107231086099356
E17C99121A	47	0.4336389614423767	0.280939817201074	0.13119097967923193	0.1542302416773174
E17C99121A	48	0.48927238999826334	0.2929485575060037	0.16896607123266846	0.048812981263064575
E17C99121A	49	0.8457717076527359	0.07002844395272526	0.05408449765698657	0.03011535073755228
E17C99121A	50	0.9142848412279421	0.017609107318365052	0.05337238732145051	0.014733664132242431
E17C99121A	51	0.11701247818221981	0.8188363649577232	0.04658530387948781	0.017565852980569077
E17C99121A	52	0.9652205688984706	0.003650483998905986	0.028050721274476255	0.0030782258281472708
E17C99121A	53	0.7833717097116759	0.1351700006703613	0.0773140147178204	0.004144274900142454
E17C99121A	54	0.007291031034551091	0.1842926401306216	0.13015451140904086	0.6782618174257862
E17C99121A	55	0.27116200082289815	0.4075408511331701	0.3071156964924659	0.014181451551465862
E17C99121A	56	0.8124827539655445	0.01317143698924282	0.12977982764646004	0.04456598139875282
E17C99121A	57	0.6988144684604621	0.013830382637370945	0.24158925252348185	0.045765896378685146
E17C99121A	58	0.011253065837478326	0.8162605449956506	0.1672141437210205	0.005272245445850479
E17C99121A	59	0.19227060625729112	0.5629980833776359	0.21967669802390624	0.02505461234116659
E17C99121A	60	0.24852489252980217	0.40949213738894386	0.2584786326929192	0.08350433738833447
E17C99121A	61	0.8235357916976549	0.056126207434187225	0.1168012945366922	0.0035367063314657283
E17C99121A	62	0.44296365795459414	0.34358986714423084	0.20059269457671153	0.01285378032446354
E17C99121A	63	0.13434736877693537	0.40278938720869245	0.39811451386783836	0.06474873014653391
E17C99121A	64	0.06212364898866378	0.8383063511578412	0.08584957552515123	0.013720424328343628
E17C99121A	65	0.9175782958413741	0.00903763428851336	0.0660884790861286	0.007295590783983673
E17C99121A	66	0.005583353356656537	0.9398367229422835	0.05166957250739416	0.0029103511936657738
E17C99121A	67	0.011003907609305407	0.8362604578790808	0.14095397179163202	0.011781662719981895
E17C99121A	68	0.7824967437411847	0.05570828193396851	0.14425265444035373	0.017542319884493195
E17C99121A	69	0.10950298753858492	0.8078393576096718	0.0660792063475721	0.016578448504171252
E17C99121A	70	0.1576833660543812	0.17555005994209175	0.5194454389134758	0.14732113509005126
E17C99121A	71	0.014194334886131236	0.2733541570221894	0.5486026795789793	0.16384882851269988
E17C99121A	72	0.06513259443910513	0.39066423150099416	0.5360979577969286	0.008105216262972455
E17C99121A	73	0.1910681326349818	0.6616733499429684	0.14154734504906602	0.005711172372983648
E17C99121A	74	0.012880135447112102	0.8412136410073877	0.14018377204205174	0.00572245150344844
E17C99121A	75	0.07138612293317748	0.05433954766394323	0.8259901116686588	0.048284217734220154
E17C99121A	76	0.009926035056131618	0.9247499611130251	0.06397392399235624	0.0013500798384869432
E17C99121A	77	0.019958523044715706	0.7735209743569754	0.19395795430452956	0.012562548293779247
E17C99121A	78	0.008687074201912462	0.797327431540005	0.1908838013968789	0.003101692861203619
E17C99121A	79	0.006288310890735306	0.8219080629603769	0.16977439150714768	0.002029234641740153
E17C99121A	80	0.007621706467651064	0.7203730041751905	0.2521043598259658	0.01990092953119263
E17C99121A	81	0.0033236041867210652	0.7770221782406431	0.14283333176876759	0.07682088580386826
