Source Name	Cell ID	archetype 1	archetype 2	archetype 3	archetype 4
0BC19C020F	1	0.12027326854135865	0.5453391435853547	0.1402091719710416	0.19417841590224447
0BC19C020F	2	0.5304495339006683	0.24518475131715428	0.21631873142778157	0.008046983354396235
0BC19C020F	3	0.6486258419152986	0.17244230975241598	0.1681262232549124	0.010805625077373223
0BC19C020F	4	0.03634511054155974	0.6708590511361398	0.11867670605734586	0.17411913226495454
0BC19C020F	5	0.9223104691635777	0.024465655834603427	0.049695219138794135	0.0035286558630247323
0BC19C020F	6	0.2019835989225876	0.15002236804011118	0.5669351634730497	0.0810588695642517
0BC19C020F	7	0.7352152987251706	0.12949093336923054	0.12705498241419586	0.008238785491403026
0BC19C020F	8	0.8939425399439669	0.02542160008568734	0.07509285631025973	0.005543003660086342
0BC19C020F	9	0.0857334364542649	0.2958527123080174	0.49511914012015895	0.1232947111175585
0BC19C020F	10	0.29705674886231287	0.4719449543102765	0.20208146584864561	0.02891683097876507
0BC19C020F	11	0.4424178449437161	0.27228730254530803	0.22739105323259928	0.0579037992783762
0BC19C020F	12	0.9658750550651939	0.00387621372939733	0.029338291009928925	0.0009104401954803183
0BC19C020F	13	0.43506777640084815	0.14532564438332662	0.38872343196651143	0.030883147249313854
0BC19C020F	14	0.9595879329844579	0.007115015576303716	0.031894839275356385	0.0014022121638820103
0BC19C020F	15	0.7834517293662735	0.061590966925551924	0.1341453587186625	0.020811944989512075
0BC19C020F	16	0.8857256382648979	0.04730916859026477	0.06255580104228006	0.0044093921025572715
0BC19C020F	17	0.6685977252332818	0.10491963740963398	0.1419179320799915	0.08456470527709316
0BC19C020F	18	0.9454228016031975	0.008684443374494168	0.04361164878849981	0.0022811062338085547
0BC19C020F	19	0.8312748734840563	0.0783375727325928	0.08576581635378183	0.004621737429569034
0BC19C020F	20	0.4039951939282117	0.18334558386708605	0.3193603346601545	0.09329888754454778
0BC19C020F	21	0.9651056575057657	0.004811086573966197	0.02808399819867558	0.0019992577215927265
0BC19C020F	22	0.11926460600997751	0.06147505641919011	0.5089593276581659	0.3103010099126667
0BC19C020F	23	0.9027858825483993	0.02909316519248762	0.06622013673438049	0.0019008155247325334
0BC19C020F	24	0.8596326867280147	0.06050057721968049	0.07456145610016492	0.005305279952139795
0BC19C020F	25	0.7156920571579258	0.06884752832856682	0.19615783469907583	0.019302579814431276
0BC19C020F	26	0.9521432640827844	0.01013889960140044	0.03530404654597977	0.0024137897698353204
0BC19C020F	27	0.32283443189004435	0.14950516039370054	0.4590148610311582	0.06864554668509686
0BC19C020F	28	0.9057873041137053	0.023959466002731942	0.06524168405217774	0.005011545831384968
0BC19C020F	29	0.015112601518671803	0.46453347455806476	0.24922407688242826	0.27112984704083504
0BC19C020F	30	0.1958180150016212	0.17735263064040035	0.5252340018607136	0.10159535249726499
0BC19C020F	31	0.29492476894435765	0.5121183332816555	0.16977878808179261	0.023178109692194224
0BC19C020F	32	0.9481149120386545	0.006254821445992197	0.04123648443519343	0.004393782080159812
0BC19C020F	33	0.8853135294503521	0.03447937251226481	0.0712372936486089	0.008969804388774382
0BC19C020F	34	0.8509914893671863	0.028171125883012803	0.07868543029631678	0.04215195445348427
0BC19C020F	35	0.7914171552742368	0.05429736243895382	0.13186959402902873	0.022415888257780642
0BC19C020F	36	0.21697424453349726	0.37568927151676473	0.25074764991908305	0.15658883403065485
0BC19C020F	37	0.5248312999603645	0.2973665129472225	0.16770409587069263	0.01009809122172032
0BC19C020F	38	0.7070089885960232	0.17019237347007762	0.07239796048071924	0.05040067745318011
0BC19C020F	39	0.5952592534301451	0.1970609609361796	0.17965815611267957	0.028021629520996093
0BC19C020F	40	0.05482793170358664	0.5729893018248268	0.25942964287955705	0.11275312359202977
0BC19C020F	41	0.6737933861398704	0.10131701390823841	0.10584233131256271	0.11904726863932873
0BC19C020F	42	0.39321463494187814	0.2651319838237978	0.25164315476160093	0.09001022647272308
0BC19C020F	43	0.6989171665008906	0.11833283083252276	0.11164113816618905	0.07110886450039754
0BC19C020F	44	0.8765749439429035	0.024533666767791944	0.08404789385723246	0.01484349543207209
0BC19C020F	45	0.62520868303811	0.22301621911375927	0.13458987104150974	0.01718522680662117
0BC19C020F	46	0.8978500432211894	0.04819827002029491	0.043440424151520746	0.01051126260699521
0BC19C020F	47	0.6597635630194252	0.17424468857532988	0.11624711274762997	0.04974463565761524
0BC19C020F	48	0.8650926766103114	0.0356853379679186	0.08225766175244259	0.0169643236693273
0BC19C020F	49	0.872413722725307	0.04033791660069133	0.07208652635103781	0.015161834322963917
0BC19C020F	50	0.459319326302265	0.2029488945085854	0.18720848119477518	0.15052329799437425
0BC19C020F	51	0.5533718416763485	0.25695758307233657	0.1417210988140053	0.04794947643730951
0BC19C020F	52	0.1103508721125224	0.6571500675559634	0.19215232747038644	0.04034673286112751
0BC19C020F	53	0.46165619369419897	0.21888123115625982	0.22435777790573733	0.09510479724380397
0BC19C020F	54	0.7494312748606486	0.06736062506654872	0.14259136215785495	0.04061673791494765
0BC19C020F	55	0.3720216335193293	0.36874295274705954	0.10730431801896341	0.15193109571464772
0BC19C020F	56	0.22847616396610798	0.43235577428533156	0.18197689093114627	0.15719117081741413
0BC19C020F	57	0.041828348267550886	0.8677175735816578	0.075110798689347	0.015343279461444594
0BC19C020F	58	0.14658525078853718	0.07712880575348115	0.7657580614508472	0.010527882007134436
0BC19C020F	59	0.826070333756269	0.06039428156456327	0.09727303126489746	0.016262353414270247
0BC19C020F	60	0.0862317502793292	0.6419787862248261	0.1854709393926801	0.08631852410316458
0BC19C020F	61	0.8009441549882473	0.05195727574299096	0.11755122995450926	0.029547339314252675
0BC19C020F	62	0.035981087873761364	0.5009608533101303	0.2412983849834305	0.22175967383267775
0BC19C020F	63	0.520630393467982	0.10707879273904383	0.14751269019526278	0.22477812359771138
0BC19C020F	64	0.11253160966265581	0.18198332270009107	0.22085736264089442	0.48462770499635877
0BC19C020F	65	0.06094754571030863	0.31486277624187337	0.23432117243159514	0.38986850561622277
0BC19C020F	66	0.6481936059456762	0.19041572359493877	0.13588334157166584	0.02550732888771939
0BC19C020F	67	0.8279246830132678	0.047473833984169045	0.11796820215271266	0.006633280849850483
0BC19C020F	68	0.873219068687055	0.05887804741972058	0.05182043170082593	0.016082452192398695
0BC19C020F	69	0.8425984381517658	0.04044002005447445	0.11459356670477175	0.0023679750889880977
0BC19C020F	70	0.15263662955079635	0.3401844660558107	0.4406716570175493	0.0665072473758437
0BC19C020F	71	0.12879672357353875	0.4214099253874215	0.15937432200489943	0.2904190290341402
0BC19C020F	72	0.8469212209532174	0.027936320707650945	0.105937090749096	0.019205367590035716
0BC19C020F	73	0.1499217012484993	0.5546107931143799	0.2349098098124298	0.06055769582469113
0BC19C020F	74	0.36903661729186094	0.34779773625249866	0.2561745058995993	0.026991140556041203
0BC19C020F	75	0.7593327479424212	0.14583296303713975	0.09018629924771548	0.0046479897727237365
0BC19C020F	76	0.9120248162193826	0.01920112336607458	0.060502213245446954	0.008271847169096382
0BC19C020F	77	0.5148198708733118	0.17295345530493142	0.1698984545226099	0.14232821929914719
0BC19C020F	78	0.06352179740389081	0.6644417641049227	0.12087871645649037	0.1511577220346957
0BC19C020F	79	0.43962029586065116	0.1061302690699884	0.22142439229774216	0.23282504277161806
0BC19C020F	80	0.7100290595162984	0.041460061549233845	0.17189369614910674	0.07661718278536092
0BC19C020F	81	0.09389621575865656	0.3246373242062256	0.22528430842826971	0.3561821516068485
0BC19C020F	82	0.5595743575001253	0.08858564077950873	0.24530293998868172	0.1065370617316843
0BC19C020F	83	0.5295524549547512	0.1804116621432448	0.2672680084563308	0.022767874445673655
0BC19C020F	84	0.12054312462669138	0.14563056044735193	0.2913215478613672	0.4425047670645895
0BC19C020F	85	0.033800161443944966	0.636081047416497	0.19547850534349898	0.13464028579605933
0BC19C020F	86	0.3803114836704198	0.16903980008846736	0.26313086375132927	0.1875178524897835
0BC19C020F	87	0.01541369653321085	0.2767209009187711	0.2572840894536102	0.45058131309440747
0BC19C020F	88	0.4529287078578194	0.2907862705021692	0.23325578067609617	0.023029240963914958
0BC19C020F	89	0.020850680300693127	0.4198894403095279	0.3182869411406078	0.24097293824917135
0BC19C020F	90	0.7281743771597977	0.08059042151329039	0.11925226691779067	0.07198293440912107
0BC19C020F	91	0.37314580314957696	0.5270909221669671	0.08957772484511083	0.010185549838345017
0BC19C020F	92	0.3715924175235723	0.28288930187515027	0.25352951879432223	0.09198876180695485
0BC19C020F	93	0.9417477621302244	0.011594604482018964	0.039387859975093635	0.007269773412662922
0BC19C020F	94	0.778019235972899	0.06335693042557333	0.14092921888702944	0.017694614714498087
0BC19C020F	95	0.1706068457016263	0.5709952304790047	0.19035419501235232	0.06804372880701642
0BC19C020F	96	0.09866593159996002	0.5811428094149055	0.19959854975764324	0.1205927092274916
0BC19C020F	97	0.7301424156641131	0.09319324613773539	0.10822507040349115	0.06843926779466061
0BC19C020F	98	0.01639564479535202	0.3704469728507819	0.3104545478462622	0.30270283450760377
0BC19C020F	99	0.04618168140976968	0.20688053074875318	0.17299256346998054	0.5739452243714965
0BC19C020F	100	0.49826068927460465	0.1321559705716599	0.2548468524740146	0.11473648767972065
0BC19C020F	101	0.09392188211201534	0.43054178401398957	0.2752890072541692	0.20024732661982578
0BC19C020F	102	0.018102024556353267	0.06582462627512933	0.11204468687087768	0.8040286622976394
0BC19C020F	103	0.42492446479602664	0.2081636034945358	0.23727542208785718	0.1296365096215805
0BC19C020F	104	0.28154456868912503	0.3025106421117683	0.263311046492857	0.15263374270624966
0BC19C020F	105	0.0175368917970817	0.10254767536910375	0.33457809114700354	0.5453373416868109
0BC19C020F	106	0.01130999044470977	0.6867430445487926	0.16862836916839796	0.13331859583809944
0BC19C020F	107	0.1663448238631797	0.2741487073504884	0.1963717938175844	0.3631346749687477
0BC19C020F	108	0.06822918350176738	0.08896303868790639	0.5217866401984851	0.32102113761184076
0BC19C020F	109	0.25060993425207684	0.3802277917441485	0.19520200098784235	0.17396027301593237
