Source Name	Cell ID	archetype 1	archetype 2	archetype 3	archetype 4
B154DF856B	1	0.025730941929686342	0.6114642752766908	0.2553954625582032	0.10740932023541976
B154DF856B	2	0.9576599686028954	0.0046406454282923735	0.037084610290476924	0.0006147756783352679
B154DF856B	3	0.7093731264478946	0.2011649036662756	0.08057794880429124	0.008884021081538494
B154DF856B	4	0.29961809747177426	0.3910770282809644	0.29133645246731615	0.01796842177994526
B154DF856B	5	0.9799246289328415	0.010427595425895683	0.009085718801048874	0.0005620568402140977
B154DF856B	6	0.9981762730212785	0.00010332720418369047	0.001508655592367006	0.0002117441821708333
B154DF856B	7	0.9158920547819781	0.007499850541321237	0.0748217616058868	0.001786333070814059
B154DF856B	8	0.9638745130332483	0.011352353493054934	0.023684841158907212	0.0010882923147895753
B154DF856B	9	0.9691151260242138	0.0027499407139700903	0.026225382353532285	0.0019095509082836025
B154DF856B	10	0.7545915804992194	0.15723836086051593	0.0744876093422549	0.013682449298009923
B154DF856B	11	0.6311893243589756	0.029240782439224816	0.3129170154164847	0.02665287778531452
B154DF856B	12	0.5117791720857141	0.15247413429168438	0.33281002296220485	0.002936670660396689
B154DF856B	13	0.9429988641984827	0.040845547636067674	0.015218103117861684	0.0009374850475878434
B154DF856B	14	0.8498438617658278	0.007185809454270715	0.13071845608648072	0.012251872693420722
B154DF856B	15	0.03897771050693226	0.8895021660991443	0.06912897435929753	0.002391149034625768
B154DF856B	16	0.004977959319363305	0.9051097592083102	0.08644729618526655	0.0034649852870597426
B154DF856B	17	0.014211726722116555	0.14807032326991768	0.1509837550627279	0.6867341949452377
B154DF856B	18	0.8351576684261577	0.07348581964522118	0.08409426747477561	0.007262244453845648
B154DF856B	19	0.9577965977657416	0.0024167280010556898	0.03801439103679959	0.0017722831964030069
B154DF856B	20	0.7912955733628431	0.051490405345220557	0.1477745190211729	0.009439502270763572
B154DF856B	21	0.10604552221643532	0.7823670241108402	0.1050741402066956	0.006513313466028596
B154DF856B	22	0.07105733359045815	0.24569209177508708	0.6773831171115369	0.005867457522917851
B154DF856B	23	0.11063515325326786	0.4304069825845721	0.45057429423545214	0.008383569926707862
B154DF856B	24	0.16276117824138198	0.2581553381147528	0.5580156421946706	0.021067841449194605
B154DF856B	25	0.09766266198305362	0.2868044996204119	0.61095329295115	0.00457954544538464
B154DF856B	26	0.8734421161486732	0.04561588786100381	0.07940300436460726	0.0015389916257159905
B154DF856B	27	0.1271384379467905	0.5325174396384175	0.3258702628912041	0.014473859523588059
B154DF856B	28	0.9004826138681353	0.022789856229630184	0.07203757913547254	0.004689950766762061
B154DF856B	29	0.003516312107722766	0.7846232999704786	0.2108641913814687	0.0009961965403298542
B154DF856B	30	0.66977723466145	0.19502992270680783	0.12701701328747073	0.008175829344271688
B154DF856B	31	0.013852479202008829	0.6880751011739715	0.28441311044343176	0.013659309180588115
B154DF856B	32	0.9596349835443139	0.010508741227175255	0.024987259443731976	0.004869015784778788
B154DF856B	33	0.8474864621751987	0.005162307814028877	0.1464711921976161	0.0008800378131562622
B154DF856B	34	0.051986531265477816	0.10126698870012384	0.8436213405245983	0.0031251395097997244
B154DF856B	35	0.5439747797520365	0.3127379468413884	0.11050558666872819	0.03278168673784702
B154DF856B	36	0.15173115121908415	0.17150131658436768	0.5131917009059529	0.16357583129059527
B154DF856B	37	0.08154968294446924	0.6396311248103889	0.27413956919206556	0.004679623053076248
B154DF856B	38	0.00409824604155614	0.8756513969629348	0.11492938807760066	0.005320968917908453
B154DF856B	39	0.780660153716193	0.06506488313115433	0.08029077262825553	0.07398419052439696
B154DF856B	40	0.9608326284491278	0.00785371558506049	0.028520338559051808	0.002793317406759821
B154DF856B	41	0.27272931646750254	0.07318656450279773	0.17579378123085906	0.47829033779884067
B154DF856B	42	0.014175098541179213	0.5077675769285686	0.22413323838892604	0.25392408614132583
B154DF856B	43	0.029649578621787603	0.507150288226771	0.4544435625232046	0.008756570628237153
B154DF856B	44	0.43368802704817494	0.3904280898197846	0.10188669692866875	0.07399718620337167
B154DF856B	45	0.19008137380470158	0.392973899907983	0.20387455572724555	0.21307017056006983
B154DF856B	46	0.42252870732393677	0.0752179224033825	0.2948676212533839	0.20738574901929702
B154DF856B	47	0.4238346116488453	0.22126897334833348	0.062038015356092484	0.29285839964672894
B154DF856B	48	0.019418465022891733	0.6124472888746886	0.3537438929633847	0.014390353139034995
B154DF856B	49	0.06615210322376992	0.3979975277362796	0.39119907842931123	0.14465129061063903
B154DF856B	50	0.9149807364153387	0.013414433616694163	0.06825400165212754	0.0033508283158394008
B154DF856B	51	0.8935561604558186	0.08441029647718198	0.020804675146535813	0.001228867920463426
B154DF856B	52	0.005267055016467402	0.6412824370368672	0.12107198475529096	0.23237852319137461
B154DF856B	53	0.9141755029833711	0.01250955048819579	0.052924835515611335	0.020390111012821455
B154DF856B	54	0.9733711211487219	0.0026326334001701016	0.02315711129603415	0.0008391341550740742
B154DF856B	55	0.5553694038356867	0.052401568459992706	0.3459666714626797	0.04626235624164097
B154DF856B	56	0.003383542137934874	0.37631594149842734	0.39894293594985997	0.22135758041377787
B154DF856B	57	0.002043334602235827	0.017172539783468117	0.05222356853637493	0.9285605570779211
B154DF856B	58	0.011900752404946521	0.29237183675366235	0.5471657345415473	0.14856167629984393
B154DF856B	59	0.003999817398842105	0.3993673375216398	0.3754548807716512	0.22117796430786713
B154DF856B	60	0.6634018601113579	0.16621476273292082	0.1438146878843632	0.02656868927135798
B154DF856B	61	0.9773744902336131	0.0011181333839215123	0.01953159741396961	0.0019757789684955907
B154DF856B	62	0.5490584441088397	0.06646569679726916	0.1803957427947907	0.2040801162991003
B154DF856B	63	0.8037930985983773	0.018677602820470162	0.17076475741515126	0.006764541166001271
B154DF856B	64	0.08652280986646062	0.24918652040269237	0.6288396627467637	0.0354510069840832
B154DF856B	65	0.3106439909960243	0.6398970096004485	0.04404316073374487	0.005415838669782343
B154DF856B	66	0.9657840622809373	0.004428904109676022	0.029257726567868413	0.0005293070415183865
B154DF856B	67	0.002636969664597646	0.8007212369830693	0.19356381955120466	0.0030779738011283463
B154DF856B	68	0.37028990335890677	0.40284497206235076	0.21757512328257977	0.009290001296162918
B154DF856B	69	0.07269665485687152	0.6136517317311164	0.3096944746723035	0.00395713873970876
B154DF856B	70	0.0013417978690819245	0.007091041599417296	0.006039932676487212	0.9855272278550137
B154DF856B	71	0.21878128865553997	0.6699146414865805	0.09945569075987098	0.011848379098008543
B154DF856B	72	0.011164782578807743	0.6643387484571757	0.32281973005713704	0.0016767389068792968
B154DF856B	73	0.06284113941257467	0.7766338975506254	0.13834398992775568	0.02218097310904466
B154DF856B	74	0.3379597391819851	0.05568791192501741	0.09991877247563595	0.5064335764173618
B154DF856B	75	0.0071993846420133345	0.9120604359285185	0.07694437925851502	0.00379580017095314
B154DF856B	76	0.27419086254453856	0.2975555103574202	0.4196605479218553	0.008593079176185806
B154DF856B	77	0.04127532719161104	0.8420876328180343	0.10519398270591884	0.011443057284435811
B154DF856B	78	0.00019265714810668967	0.007983477502547184	0.02048405343078543	0.9713398119185608
B154DF856B	79	0.5383552898527366	0.33042772045074925	0.12493717685243158	0.006279812844082469
B154DF856B	80	0.922568800086886	0.009431275552263885	0.05423489316361901	0.013765031197230838
B154DF856B	81	0.08202552230659285	0.06431160042897262	0.06000468321054184	0.7936581940538926
B154DF856B	82	0.012659866678119365	0.7841390095915853	0.17311399956559453	0.030087124164701284
B154DF856B	83	0.39845411482137705	0.5705682213128167	0.027599011658478563	0.0033786522073277706
B154DF856B	84	0.8600050888467565	0.014349762128941734	0.024596142773403242	0.10104900625089837
B154DF856B	85	0.22462372595579325	0.08720840150406331	0.6717859296638508	0.016381942876292813
B154DF856B	86	0.03671256571513043	0.4513926503239093	0.4507492297777466	0.06114555418321403
B154DF856B	87	0.3875297702831561	0.35614572572601855	0.2445791735009487	0.011745330489876379
B154DF856B	88	0.01736118487566871	0.9077421954221845	0.07315569506526796	0.001740924636878641
B154DF856B	89	0.03879016385664367	0.35430191820183904	0.584958231541721	0.021949686399796168
B154DF856B	90	0.02768687442091584	0.25153802829182675	0.3232373875412096	0.39753770974604796
B154DF856B	91	0.10531120922507653	0.20346898181536727	0.25705713737324615	0.43416267158631
B154DF856B	92	0.41879212712355796	0.07438741084472394	0.13466265865006438	0.37215780338165383
B154DF856B	93	0.015398114524729254	0.5848970413263277	0.07418887331751435	0.3255159708314288
B154DF856B	94	0.5030635301373705	0.016473568658289722	0.46335203002865244	0.017110871175687433
B154DF856B	95	0.0663174695470965	0.3203119653636047	0.5078443893310158	0.10552617575828295
B154DF856B	96	0.007685188379885846	0.8780575563249813	0.08457488532429032	0.02968236997084273
B154DF856B	97	0.15202821950271622	0.15272355153485687	0.6760070332246704	0.019241195737756584
B154DF856B	98	0.00687230925542026	0.9441283578161925	0.045140730014689816	0.003858602913697296
B154DF856B	99	0.9514130294950407	0.0025973410281340883	0.04287467226917943	0.003114957207645468
B154DF856B	100	0.008944690408896167	0.18559961319823062	0.7741837039896659	0.03127199240320741
B154DF856B	101	0.007481853015940897	0.837876057004121	0.14390404357627654	0.010738046403661444
B154DF856B	102	0.003917577298645497	0.6926344294054171	0.2977323396494205	0.005715653646516737
B154DF856B	103	0.018474340019720197	0.6882851796765145	0.2519793572006183	0.041261123103146835
B154DF856B	104	0.4476507035355868	0.49909976832916997	0.04541569718239055	0.007833830952852604
B154DF856B	105	0.09257177301424797	0.6139616496896747	0.28276619989599133	0.010700377400086114
B154DF856B	106	0.3213281052148312	0.5567520957909243	0.10629944284585313	0.015620356148391187
B154DF856B	107	0.5961948821146508	0.03148392218448119	0.1874642523422795	0.18485694335858868
B154DF856B	108	0.007716657381470777	0.0770198642537475	0.11306227290187722	0.8022012054629047
B154DF856B	109	0.7034245549237017	0.23962336427978878	0.03625719473405273	0.02069488606245669
B154DF856B	110	0.011714177011142642	0.8195472108880251	0.16383544885272522	0.004903163248106781
B154DF856B	111	0.023894994813790343	0.2753156764777869	0.6309655410639535	0.06982378764446912
B154DF856B	112	0.7103086376566125	0.021904360914226716	0.18294096251212022	0.08484603891704096
B154DF856B	113	0.02229436579173022	0.7286173806397832	0.14676098854748942	0.10232726502099732
B154DF856B	114	0.8673178294301621	0.01290781372374244	0.10803759651260522	0.011736760333489893
B154DF856B	115	0.7162780040338813	0.08088072930841761	0.1647784638527979	0.038062802804903026
B154DF856B	116	0.006383363394016617	0.8927698171606342	0.09327315672647545	0.007573662718873875
B154DF856B	117	0.0014044753001135747	0.018506837323696384	0.13441267334497753	0.8456760140312124
B154DF856B	118	0.022400219308177555	0.8894820895408956	0.08315608297149964	0.00496160817942761
B154DF856B	119	0.022546156901225155	0.8290371244742565	0.14186359175252605	0.006553126871991999
B154DF856B	120	0.040913557380842513	0.4895391326250974	0.38118254050523137	0.08836476948882878
B154DF856B	121	0.7437183160979702	0.03004289483890541	0.1740951945847117	0.05214359447841262
B154DF856B	122	0.001848482687784084	0.09649445799313401	0.10574540585184884	0.795911653467233
B154DF856B	123	0.010878491663758089	0.4178624671400691	0.24604322662929964	0.32521581456687326
B154DF856B	124	0.006592251311047728	0.24763059862197537	0.18203944975979142	0.5637377003071851
B154DF856B	125	0.0066466892409595075	0.8058713353455424	0.1414616283188585	0.046020347094639674
B154DF856B	126	0.015003874389359812	0.9096736303643567	0.07312395148227649	0.0021985437640069556
B154DF856B	127	0.010261441166792758	0.7302867345998081	0.24467786009523151	0.014773964138167728
B154DF856B	128	0.0009355651085681991	0.023242726118528092	0.02756289386132271	0.9482588149115809
B154DF856B	129	0.00678840812097829	0.03657553022455752	0.21251732527963887	0.744118736374825
B154DF856B	130	0.010200264617527823	0.23174980512878768	0.37661432296354724	0.38143560729013737
B154DF856B	131	0.01929248982949702	0.45750571424151365	0.4674614393496735	0.05574035657931583
B154DF856B	132	0.2851758604416178	0.4000867706343034	0.27559299341373167	0.03914437551034718
B154DF856B	133	0.027212033778282213	0.6022122682291962	0.2547305313120602	0.11584516668046184
B154DF856B	134	0.07956953403389465	0.44308676472643366	0.4062802109248075	0.07106349031486421
B154DF856B	135	0.0018395655709615068	0.0177856557759147	0.04650278666413147	0.933871991988992
B154DF856B	136	0.08479443279378202	0.48792697014755687	0.36218015768097067	0.0650984393776906
B154DF856B	137	0.017977453321445253	0.3351462724263753	0.5943768591208206	0.05249941513135922
B154DF856B	138	0.014596907506767008	0.12639052425867806	0.7824499921665405	0.07656257606801445
B154DF856B	139	0.007400582635578388	0.09378025517787837	0.8103137132539957	0.08850544893254765
B154DF856B	140	0.010630626086880524	0.2645007983224952	0.5351495759554863	0.1897189996351384
