Source Name	Cell ID	archetype 1	archetype 2	archetype 3	archetype 4
B154DF856B	1	0.07075043229582595	0.23210546645919797	0.5078939891118096	0.18925011213316686
B154DF856B	2	0.8738748539965107	0.031011857135081786	0.08448768764476311	0.010625601223644757
B154DF856B	3	0.590883258640315	0.11723057957638994	0.28750418248506504	0.0043819792982300885
B154DF856B	4	0.8982929683084433	0.03678848312456616	0.061267992633376026	0.0036505559336143314
B154DF856B	5	0.41105389868895736	0.32052271545953226	0.22470398992411766	0.04371939592739253
B154DF856B	6	0.892891144203517	0.014932789314605404	0.08567796487204715	0.006498101609830353
B154DF856B	7	0.777067518340777	0.04987627938779074	0.15496600544009115	0.018090196831341204
B154DF856B	8	0.9059492477367403	0.02280254244723886	0.06700031015046062	0.004247899665560408
B154DF856B	9	0.7800639757994643	0.06153433422459968	0.13344153050150936	0.024960159474426796
B154DF856B	10	0.7466746553549001	0.08864027988301701	0.15357596528106648	0.011109099481016575
B154DF856B	11	0.21475926073208051	0.48267715579591025	0.23659270424495255	0.06597087922705638
B154DF856B	12	0.49983792032412655	0.2847301844830378	0.20610338884743204	0.00932850634540349
B154DF856B	13	0.8524920973572291	0.0373909724071798	0.09906052375022185	0.011056406485369149
B154DF856B	14	0.27074745927619626	0.44421048223869336	0.2275444936378995	0.05749756484721081
B154DF856B	15	0.03429389244236336	0.7151919859955557	0.22220728637949788	0.028306835182583246
B154DF856B	16	0.5277438226898814	0.2525498286031307	0.21382508627492663	0.0058812624320609234
B154DF856B	17	0.03468416428065125	0.10533284945052991	0.5455816342026771	0.31440135206614145
B154DF856B	18	0.3851590641099531	0.07907633010564961	0.31922087984726233	0.21654372593713508
B154DF856B	19	0.8763849103663457	0.03450394418643607	0.0818632661929628	0.007247879254255391
B154DF856B	20	0.7440458227461028	0.07982391000692965	0.1384251356257586	0.03770513162120942
B154DF856B	21	0.45172891979402474	0.38863494721635294	0.15094235074269613	0.008693782246926284
B154DF856B	22	0.7966225767684318	0.10020907665358689	0.09485431157996586	0.00831403499801541
B154DF856B	23	0.7697014861047645	0.08142819108981333	0.1420502068645485	0.006820115940873342
B154DF856B	24	0.5633425205673984	0.22991743685942903	0.12817442030236756	0.07856562227080516
B154DF856B	25	0.6466008227135092	0.1261399718595318	0.21663752687562815	0.010621678551330827
B154DF856B	26	0.07165299597925877	0.6815360825434675	0.1332848521269902	0.11352606935028325
B154DF856B	27	0.3779938683130191	0.2109289638697796	0.33321003560482004	0.07786713221238148
B154DF856B	28	0.6906889463651097	0.10827491038631688	0.1858585811238405	0.01517756212473288
B154DF856B	29	0.14334417777366196	0.7006196651967178	0.12326849659443267	0.03276766043518736
B154DF856B	30	0.10197567608495398	0.7908223998653909	0.09700752004341374	0.010194404006240911
B154DF856B	31	0.4737266570588585	0.35659342615728795	0.11938774440906665	0.050292172374786885
B154DF856B	32	0.9438189614517373	0.003034972765008459	0.051184093412318894	0.0019619723709354093
B154DF856B	33	0.8616021793396544	0.021157315153923904	0.09712751528415013	0.020112990222271664
B154DF856B	34	0.522033169201116	0.15102340275862802	0.3142699686328274	0.012673459407428323
B154DF856B	35	0.21154556035093217	0.17322916111309591	0.19809445304832105	0.41713082548765035
B154DF856B	36	0.37690094341927166	0.36995891282279403	0.13669281773447844	0.11644732602345524
B154DF856B	37	0.8157945253056524	0.09260313281778172	0.08710810566000422	0.004494236216561814
B154DF856B	38	0.03891742153812205	0.6484040084496131	0.2783770997657005	0.034301470246564235
B154DF856B	39	0.7903400503966181	0.05478301264187673	0.11205779285176355	0.04281914410974169
B154DF856B	40	0.7518799453160174	0.1114060247485124	0.10516453896478412	0.03154949097068579
B154DF856B	41	0.6676569076895444	0.11399226163189798	0.10491605916839841	0.11343477151015924
B154DF856B	42	0.1415380412873056	0.4163374889118664	0.22165465728361905	0.2204698125172089
B154DF856B	43	0.04498450912937942	0.4330900949182159	0.39043909569168805	0.13148630026071662
B154DF856B	44	0.5875327266967014	0.17277034041843337	0.12845160480476467	0.11124532808010053
B154DF856B	45	0.1348436828036386	0.4943488843932341	0.2748645316065742	0.09594290119655305
B154DF856B	46	0.6287690901712398	0.1765363891028997	0.14380811537903826	0.050886405346822296
B154DF856B	47	0.0795879388505808	0.7323253591131963	0.12171925433304182	0.06636744770318108
B154DF856B	48	0.04118306267708118	0.6218005785161201	0.3204453621437902	0.016570996663008455
B154DF856B	49	0.7835722696522653	0.1268503220358327	0.07642502812317113	0.01315238018873066
B154DF856B	50	0.6526102869074328	0.13074801381648254	0.19310836344777257	0.023533335828312296
B154DF856B	51	0.7257870186826969	0.15880423678396588	0.0969384760064484	0.01847026852688865
B154DF856B	52	0.5665963046611414	0.23782117233627212	0.10355472793822346	0.0920277950643629
B154DF856B	53	0.4748322636905944	0.03494514443175356	0.2891463455273476	0.2010762463503044
B154DF856B	54	0.934273097199737	0.013139855088597094	0.044621057886164286	0.007965989825501583
B154DF856B	55	0.6607564555194224	0.17898110417870564	0.1017494376899523	0.05851300261191954
B154DF856B	56	0.03150429546933646	0.7296704885701515	0.09520774285197214	0.1436174731085399
B154DF856B	57	0.016995221282451338	0.15610470115818034	0.21749692581231658	0.6094031517470516
B154DF856B	58	0.35049721710168436	0.31277035895109856	0.17375799101578235	0.16297443293143482
B154DF856B	59	0.023469796372309604	0.2716734519336409	0.18669800916505516	0.5181587425289945
B154DF856B	60	0.10192035579693773	0.6417669766557258	0.22307917530885385	0.03323349223848215
B154DF856B	61	0.8854362831112274	0.021880314663397144	0.08265214870019273	0.010031253525182655
B154DF856B	62	0.6767932716810191	0.06913311550069351	0.14203469483651848	0.11203891798176893
B154DF856B	63	0.8006335794780381	0.05063922107764976	0.12485284488085419	0.02387435456345791
B154DF856B	64	0.1570351160503533	0.3806461436900459	0.21994151636489276	0.24237722389470825
B154DF856B	65	0.14892031839549325	0.5733450877404677	0.2138331323325619	0.0639014615314771
B154DF856B	66	0.1431187413490804	0.349556301979547	0.18075688986812372	0.3265680668032487
B154DF856B	67	0.170168081494328	0.5276451075647722	0.2794118470846051	0.02277496385629489
B154DF856B	68	0.9378038921430766	0.020370800190331002	0.03716380118872018	0.004661506477872206
B154DF856B	69	0.8055070763773416	0.1044104000204093	0.07221845065373757	0.017864072948511577
B154DF856B	70	0.042104704140997824	0.10018202693242974	0.130652884232245	0.7270603846943274
B154DF856B	71	0.6358203930871956	0.2573138320640888	0.09598308846709842	0.010882686381617046
B154DF856B	72	0.13697209655995068	0.13484261996833802	0.6931793111984955	0.035005972273215905
B154DF856B	73	0.023509573270673666	0.748752401631064	0.1205542888360804	0.10718373626218192
B154DF856B	74	0.3426829716510711	0.2578743770301964	0.2542314776205977	0.14521117369813524
B154DF856B	75	0.35521928024945904	0.18924901474516662	0.43682631768140706	0.01870538732396757
B154DF856B	76	0.06042067929655148	0.3700695304371109	0.3678420129426457	0.20166777732369204
B154DF856B	77	0.03650705062969107	0.7653585226475056	0.16887962136757628	0.02925480535522696
B154DF856B	78	0.02720283350711475	0.3441485596264801	0.33265237290975164	0.2959962339566534
B154DF856B	79	0.037874279398809246	0.6804784198632245	0.26762153932535876	0.014025761412607777
B154DF856B	80	0.9506334503142294	0.0032904068612370323	0.033561907729730084	0.012514235094803913
B154DF856B	81	0.18054397340657957	0.2970055595987934	0.30132733228067776	0.22112313471394893
B154DF856B	82	0.05446072114396887	0.5457184893483368	0.3602668716205363	0.039553917887158195
B154DF856B	83	0.1050322316533991	0.6795303485982559	0.17508234880640358	0.040355070941941094
B154DF856B	84	0.07588575686042712	0.15689443538668787	0.4385454999090667	0.3286743078438181
B154DF856B	85	0.10491121890611102	0.5532487534099072	0.2776511733751456	0.06418885430883634
B154DF856B	86	0.16982047594911634	0.4362752740455864	0.25135171693354014	0.14255253307175722
B154DF856B	87	0.6811307237577432	0.17172368186055453	0.12921036382841652	0.017935230553285386
B154DF856B	88	0.026203193290189324	0.823845247966876	0.09316669566303455	0.056784863079900175
B154DF856B	89	0.28590588843935383	0.31122149379161934	0.3769735276313243	0.0258990901377025
B154DF856B	90	0.012640682320469379	0.13751860792982593	0.3068958082851798	0.5429449014645252
B154DF856B	91	0.1785937514883099	0.15051492653751464	0.3533192477358892	0.317572074238286
B154DF856B	92	0.3584279942257218	0.2531422681464317	0.29521450135598337	0.09321523627186303
B154DF856B	93	0.02100517523170513	0.8022550505109061	0.13246015446891363	0.04427961978847513
B154DF856B	94	0.12894243846111847	0.5583220954384348	0.20351492223560735	0.109220543864839
B154DF856B	95	0.21582378221016832	0.2084054371292489	0.25536560107940937	0.3204051795811731
B154DF856B	96	0.05198774708851195	0.6126786718704937	0.13709848612164255	0.19823509491935196
B154DF856B	97	0.7218233223508413	0.06888359867749501	0.18113234561752384	0.028160733354139815
B154DF856B	98	0.12694324940678403	0.6623387451783306	0.20411201983402796	0.006605985580857401
B154DF856B	99	0.9544566569293217	0.007205420464643138	0.031204116226635076	0.007133806379400304
B154DF856B	100	0.13306831188716542	0.47541740075100997	0.2677074860641662	0.12380680129765821
B154DF856B	101	0.026833226495170233	0.792380923983633	0.14551692729788537	0.03526892222331132
B154DF856B	102	0.2079176482615383	0.4340532656820035	0.3067785485807914	0.051250537475667074
B154DF856B	103	0.1367018600451187	0.43167457700204176	0.37475441432317963	0.05686914862966004
B154DF856B	104	0.141261146053462	0.668708292683017	0.11331916206141039	0.07671139920211041
B154DF856B	105	0.04441328746727817	0.5522150577897276	0.24423415405589513	0.15913750068709903
B154DF856B	106	0.3232304959304584	0.364183340309149	0.24009518557839135	0.07249097818200119
B154DF856B	107	0.6885594428702113	0.06959896451701574	0.16143573130137112	0.08040586131140186
B154DF856B	108	0.014005223273351151	0.6313291883488159	0.14697756251926605	0.2076880258585665
B154DF856B	109	0.7781482440022507	0.03902591440501902	0.1486228129080821	0.034203028684647835
B154DF856B	110	0.10462689568321645	0.4184500152410097	0.4593148827548308	0.01760820632094332
B154DF856B	111	0.6016270790772438	0.09116975261723302	0.3022292255809565	0.004973942724566607
B154DF856B	112	0.8505525561107298	0.0031033697990525333	0.13714909987184654	0.009194974218371083
B154DF856B	113	0.06883499636954986	0.23251005731523094	0.18408033273960528	0.5145746135756141
B154DF856B	114	0.3697776659164205	0.30452554043822583	0.20717633668067775	0.11852045696467632
B154DF856B	115	0.3074158138397729	0.47895619657886407	0.14584085943030356	0.06778713015105939
B154DF856B	116	0.027333368066809388	0.8247129651152864	0.09533773876752237	0.05261592805038198
B154DF856B	117	0.06857987643474014	0.5116012093413768	0.2005600091614181	0.2192589050624653
B154DF856B	118	0.14806912916154258	0.6432748631885084	0.17719465594859768	0.031461351701351496
B154DF856B	119	0.02150643460937809	0.4350659749129725	0.5088175420153157	0.03461004846233395
B154DF856B	120	0.032741542043883985	0.055102231849156774	0.15346285152331895	0.7586933745836404
B154DF856B	121	0.8543589739441465	0.004421222823054501	0.11561609212852204	0.025603711104276873
B154DF856B	122	0.05307780997337156	0.16413424831423365	0.28026248470771165	0.5025254570046829
B154DF856B	123	0.091341535430499	0.410766163289268	0.25307487099278897	0.24481743028744402
B154DF856B	124	0.04575446495798203	0.7043431944988537	0.17427490792351272	0.07562743261965173
B154DF856B	125	0.030395845822239132	0.5073413217229785	0.17033238436147177	0.2919304480933109
B154DF856B	126	0.018831048685899316	0.4817677952715544	0.31457558453422674	0.18482557150831946
B154DF856B	127	0.019022539338656223	0.2672323174592797	0.20122061379259534	0.5125245294094689
B154DF856B	128	0.0163087651348094	0.11372331708504567	0.13592476907314224	0.7340431487070025
B154DF856B	129	0.0180997240241261	0.7529364339076058	0.17895309682813182	0.050010745240135976
B154DF856B	130	0.029611270717994412	0.7185418763723218	0.1787779751190022	0.07306887779068157
B154DF856B	131	0.0382552932685933	0.29923594738849374	0.18704643843555055	0.47546232090736235
B154DF856B	132	0.03300727057272904	0.5621056520172584	0.25167834106629783	0.15320873634371474
B154DF856B	133	0.04651502508597109	0.6105995924841413	0.27297229232041553	0.06991309010947201
B154DF856B	134	0.065657044107977	0.42688457154404436	0.3183109365789454	0.18914744776903336
B154DF856B	135	0.027173529792557147	0.33220997056832946	0.15638580785139905	0.4842306917877141
B154DF856B	136	0.26456951277777535	0.3343858266785079	0.37931549386286134	0.021729166680855325
B154DF856B	137	0.022608059031077505	0.39739791553715625	0.3325148071428391	0.24747921828892716
B154DF856B	138	0.03194912210140518	0.4806269983390345	0.35854775321857607	0.12887612634098433
B154DF856B	139	0.013850613425452614	0.41292973803876026	0.1555191359748019	0.4177005125609852
B154DF856B	140	0.013770666686986649	0.6756656622935105	0.13958066081902445	0.17098301020047818
