Source Name	Cell ID	archetype 1	archetype 2	archetype 3	archetype 4
6525AAE2D9	1	0.7588512451466929	0.183698264462817	0.05283578319544249	0.004614707195047634
6525AAE2D9	2	0.8794047624499736	0.023246178971461764	0.093559275006417	0.003789783572147857
6525AAE2D9	3	0.7800740463390222	0.06412515555285733	0.10672969607622398	0.04907110203189632
6525AAE2D9	4	0.3393930170088817	0.3255453885645066	0.30422928908006536	0.03083230534654602
6525AAE2D9	5	0.9340484541052279	0.019652689002246038	0.04188890471773969	0.004409952174786279
6525AAE2D9	6	0.3862627755184032	0.0332055109503148	0.4879069204372733	0.09262479309400846
6525AAE2D9	7	0.4523741027229131	0.23257543550405263	0.3040618203107965	0.010988641462238097
6525AAE2D9	8	0.7345448588700747	0.16553258321384715	0.06901067791088575	0.030911880005192398
6525AAE2D9	9	0.5825909763446185	0.04441743065634837	0.3700686572398828	0.002922935759150629
6525AAE2D9	10	0.922418869286065	0.009319087214768982	0.032064145083164866	0.03619789841600125
6525AAE2D9	11	0.9189123667144952	0.016322483595716555	0.05697407048086369	0.007791079208924457
6525AAE2D9	12	0.03491028229831351	0.21467564135873698	0.33487651455638634	0.4155375617865631
6525AAE2D9	13	0.3885841809463535	0.09917748089279463	0.504138946024689	0.008099392136162809
6525AAE2D9	14	0.4379441738918287	0.13901333363010085	0.40805043701125365	0.014992055466816883
6525AAE2D9	15	0.09730843547811038	0.7677847982230315	0.08662619116319913	0.048280575135659004
6525AAE2D9	16	0.9764161272369641	0.004901899664440061	0.017183131229732983	0.0014988418688630858
6525AAE2D9	17	0.06662684890380875	0.645001436767391	0.15603579889719643	0.13233591543160378
6525AAE2D9	18	0.9855258983320997	0.002815300668374141	0.009502332428430309	0.0021564685710960454
6525AAE2D9	19	0.016986318734140454	0.7503822330700151	0.22949344825344184	0.003137999942402683
6525AAE2D9	20	0.2771236925639506	0.677005330478925	0.0400157225610783	0.005855254396046489
6525AAE2D9	21	0.19949310904620604	0.09431855426606352	0.18504664880745816	0.5211416878802726
6525AAE2D9	22	0.87661239283846	0.01621716487467483	0.10238867540044523	0.004781766886419765
6525AAE2D9	23	0.0012860693568623512	0.006756430433601719	0.032819834981251905	0.9591376652282843
6525AAE2D9	24	0.08251904791811518	0.34084285158329486	0.14321055923129308	0.43342754126729693
6525AAE2D9	25	0.019404615612248457	0.35193981180841566	0.6194118422260894	0.009243730353246406
6525AAE2D9	26	0.32268778664245934	0.17869529138282955	0.4913633977681972	0.007253524206513984
6525AAE2D9	27	0.23309012826601702	0.6120761822623113	0.13808590279341562	0.01674778667825636
6525AAE2D9	28	0.011491953301260025	0.7207483045347575	0.2658312765826649	0.0019284655813175526
6525AAE2D9	29	0.007017310504022849	0.8254138567408884	0.15224268159275356	0.015326151162335124
6525AAE2D9	30	0.011531573531595686	0.8867857987449381	0.06418969976118138	0.0374929279622849
6525AAE2D9	31	0.0180062470065025	0.15103867490955267	0.8008695069845998	0.03008557109934475
6525AAE2D9	32	0.006720013230876055	0.7945258473698203	0.165644510286178	0.03310962911312573
6525AAE2D9	33	0.9155907015756597	0.0281722577343929	0.0541226633183962	0.002114377371551212
6525AAE2D9	34	0.12975684859348743	0.7420959189073558	0.12402118023275693	0.004126052266399935
6525AAE2D9	35	0.1350510739059612	0.8059988528236652	0.043699890302256676	0.015250182968116761
6525AAE2D9	36	0.4893465080172501	0.4207493596584508	0.08316818991447907	0.00673594240981997
6525AAE2D9	37	0.08268874314459784	0.7245626275619041	0.18569502640490812	0.007053602888589613
6525AAE2D9	38	0.9106936852395944	0.047364518969100156	0.021385903028948786	0.02055589276235656
6525AAE2D9	39	0.21846293356834373	0.36840947462123386	0.4061105419004589	0.007017049909963651
6525AAE2D9	40	0.2032492619754665	0.0621783771169512	0.4242136885162897	0.31035867239129294
6525AAE2D9	41	0.8849077819717153	0.04658402346336191	0.04137600923753968	0.027132185327383235
6525AAE2D9	42	0.00338590420353297	0.7921661222111324	0.17646889165413573	0.027979081931198767
6525AAE2D9	43	0.004623663632912628	0.636355707951959	0.23331649256897152	0.1257041358461568
6525AAE2D9	44	0.02831402013552872	0.7933167680569193	0.14694090645949656	0.03142830534805547
6525AAE2D9	45	0.03668191719873657	0.5968244640548765	0.35911724520671745	0.007376373539669411
6525AAE2D9	46	0.7509714147331183	0.06532732852501155	0.0955357570412212	0.08816549970064878
6525AAE2D9	47	0.023982911570312793	0.9065627541706964	0.06688991695446139	0.00256441730452955
6525AAE2D9	48	0.19884048933856668	0.012488445004395358	0.19801249433586482	0.5906585713211728
6525AAE2D9	49	0.0038987884388976784	0.5694675942771886	0.33898630317560147	0.08764731410831224
6525AAE2D9	50	0.003678111938667477	0.8211861391438728	0.17217893111754162	0.0029568177999179214
6525AAE2D9	51	0.00560091626214816	0.8594331191926151	0.13327536482090235	0.0016905997243341373
6525AAE2D9	52	0.010573327530200256	0.7591087273633828	0.20777879226730725	0.02253915283910955
6525AAE2D9	53	0.6306298034630785	0.025228112384227265	0.09785225269075731	0.24628983146193706
6525AAE2D9	54	0.4458701695530385	0.07104561782648829	0.2251971024396311	0.2578871101808425
6525AAE2D9	55	0.006679324002302361	0.7222079938247049	0.2336936725529133	0.03741900962007926
6525AAE2D9	56	0.7587461685037049	0.011106749865227958	0.12880347553359545	0.10134360609747184
6525AAE2D9	57	0.14873214584516747	0.2881975811901938	0.5148901361603347	0.04818013680430419
6525AAE2D9	58	0.1768802551135635	0.426690556658777	0.3831650548690202	0.013264133358639572
6525AAE2D9	59	0.37930525764900735	0.286849055031011	0.3166722203368228	0.01717346698315878
6525AAE2D9	60	0.34125928655577137	0.4738244119206948	0.13900929730712103	0.0459070042164125
6525AAE2D9	61	0.01834125155470814	0.06898963117216002	0.5584401589974605	0.3542289582756715
6525AAE2D9	62	0.8454201554183756	0.017443547081542773	0.12371027701358676	0.013426020486494937
6525AAE2D9	63	0.04209026638265673	0.022189574196264973	0.0313079035414554	0.9044122558796229
6525AAE2D9	64	0.016605819259160243	0.7935548660023759	0.15873297710977038	0.031106337628692984
6525AAE2D9	65	0.023407814372021368	0.7771473563944405	0.17835048796073408	0.021094341272803914
6525AAE2D9	66	0.16047148748080287	0.2594330498715293	0.15572945333434796	0.4243660093133198
6525AAE2D9	67	0.004812463325353101	0.6809265383598023	0.2720354677139941	0.04222553060085055
6525AAE2D9	68	0.00790462073640382	0.13397223605336156	0.1320197283283	0.7261034148819346
6525AAE2D9	69	0.41143410090714805	0.017757087717384268	0.14430794309451794	0.42650086828094963
6525AAE2D9	70	0.0028289046484399573	0.053023001506672565	0.04478795831559633	0.8993601355292912
6525AAE2D9	71	0.0034630415457897685	0.05874386539316799	0.03448129604413068	0.9033117970169114
6525AAE2D9	72	0.002469910669664025	0.022664570307025147	0.011805976194498793	0.9630595428288117
6525AAE2D9	73	0.0024419388361697674	0.8373847530069661	0.11349918897402084	0.04667411918284349
6525AAE2D9	74	0.010632389641686921	0.9151760739686455	0.03325158071209064	0.04093995567757708
6525AAE2D9	75	0.0033033391509931288	0.6274430264229062	0.3593906132817622	0.009863021144338516
6525AAE2D9	76	0.009791736139219138	0.044869286275208094	0.29561248106164917	0.6497264965239237
6525AAE2D9	77	0.007508493837956326	0.7316345034829634	0.1561562168019446	0.10470078587713567
6525AAE2D9	78	0.04604806824242529	0.05351294837667342	0.5997491610560797	0.3006898223248214
6525AAE2D9	79	0.014100602930040621	0.6719735556773289	0.2331786683311212	0.08074717306150897
6525AAE2D9	80	0.00198611968412633	0.06431209921860347	0.12049947775705355	0.8132023033402164
6525AAE2D9	81	0.00930131944308652	0.9120583898996398	0.052176738104769325	0.026463552552504523
6525AAE2D9	82	0.009939513035621066	0.8087792730916321	0.15475182981421134	0.026529384058535534
6525AAE2D9	83	0.06251544176377616	0.0159787747105411	0.11713006445637444	0.8043757190693082
6525AAE2D9	84	0.001521206235275626	0.4712475807956504	0.16042776580329826	0.3668034471657758
6525AAE2D9	85	0.02873277177803026	0.11224978423030157	0.23798459444333034	0.6210328495483378
6525AAE2D9	86	0.1054042604643448	0.06607356886891326	0.767429312914988	0.06109285775175394
6525AAE2D9	87	0.019044441489082683	0.024927897070978176	0.1151862677229168	0.8408413937170223
6525AAE2D9	88	0.004560877034431323	0.7353028381656449	0.21750092585286587	0.04263535894705796
6525AAE2D9	89	0.0004809880044868763	0.019102849619791955	0.007047338387633524	0.9733688239880877
6525AAE2D9	90	0.020994293184875508	0.027337033621346464	0.395288086427899	0.5563805867658788
6525AAE2D9	91	0.0015571284271338889	0.1847120132718748	0.07981443108167188	0.7339164272193195
6525AAE2D9	92	0.007645530819572726	0.10790655516044942	0.09458334724018674	0.7898645667797912
6525AAE2D9	93	0.012034449204920415	0.01685044115681881	0.08247165971030589	0.8886434499279547
6525AAE2D9	94	0.02324498786039744	0.014658391254841427	0.13076055514892507	0.8313360657358361
6525AAE2D9	95	0.0014642484283223926	0.08458609551209542	0.2268544953555164	0.6870951607040657
6525AAE2D9	96	0.0019593650377225684	0.028534323310487567	0.06547602764806879	0.9040302840037212
6525AAE2D9	97	0.00041350649909749804	0.0035747825877441644	0.011633329713630108	0.9843783811995285
6525AAE2D9	98	0.0028195662367452865	0.3916306436252619	0.07773316738025604	0.5278166227577367
6525AAE2D9	99	0.0005060202004778759	0.0028897597358669004	0.01802741365182465	0.9785768064118303
